100,  -1
200,  -1
100,  -1
200,  -1
300,  -1
100,  -1
200,  -1
300,  -1
400,  -1
500,  -1
600,  -1
700,  -1
800,  -1
900,  -1
1000,  -1
1100,  -1
1200,  -1
1300,  -1
1400,  -1
1500,  -1
1600,  -1
1700,  -1
1800,  -1
1900,  -1
2000,  -1
2100,  -1
2200,  -1
2300,  -1
2400,  -1
2500,  -1
2600,  -1
2700,  -1
2800,  -1
2900,  -1
3000,  -1
3100,  -1
3200,  -1
3300,  -1
3400,  -1
3500,  -1
3600,  -1
3700,  -1
3800,  -1
3900,  -1
4000,  -1
4100,  -1
4200,  -1
4300,  -1
4400,  -1
4500,  -1
4600,  -1
4700,  -1
4800,  -1
4900,  -1
5000,  -1
5100,  -1
5200,  -1
5300,  -1
5400,  -1
100,  -1
200,  -1
300,  -1
400,  -1
500,  -1
600,  -1
700,  -1
800,  -1
900,  -1
1000,  -1
1100,  -1
1200,  -1
1300,  -1
1400,  -1
1500,  -1
1600,  -1
1700,  -1
1800,  -1
1900,  -1
2000,  -1
2100,  -1
2200,  -1
2300,  -1
2400,  -1
2500,  -1
2600,  -1
2700,  -1
2800,  -1
2900,  -1
3000,  -1
3100,  -1
3200,  -1
3300,  -1
3400,  -1
3500,  -1
3600,  -1
3700,  -1
3800,  -1
3900,  -1
4000,  -0.43
4100,  -1
4200,  -1
4300,  -1
4400,  -1
4500,  -1
4600,  -1
100,  -1
200,  -1.51
300,  -1
400,  -1
500,  -0.47
600,  -1
700,  -1
800,  -1
900,  -1
1000,  0.1
1100,  -1.77
1200,  -1.06
1300,  0.32
1400,  0.43
1500,  -0.39
1600,  -1
1700,  1.05
1800,  -0.98
1900,  -1
2000,  -0.43
2100,  0.26
2200,  1.27
2300,  -0.31
2400,  -0.37
2500,  -0.43
2600,  -0.86
2700,  -1
2800,  -1
2900,  -1.22
3000,  -1
3100,  0.06
3200,  -1.51
3300,  0.99
3400,  -1.14
3500,  -1
3600,  -1
3700,  0.14
100,  -1
200,  -1
300,  -1
400,  -1
500,  -1
600,  -1
700,  -1
800,  -1
900,  0.28
1000,  0.06
1100,  -1
1200,  -1.55
1300,  -1
1400,  0.29
1500,  4.6
1600,  -0.47
1700,  2.05
1800,  -1
1900,  11.21
2000,  3.01
2100,  9.07
2200,  0.46
2300,  8.25
100,  10.39
200,  -1
300,  -1
400,  3.66
