11985592320.0,-1.48555094355
11985592321.0,-1.48555065745
11985592322.0,-1.48555037278
11985592323.0,-0.899555099222
11985592324.0,-1.4838926723
11985592325.0,-0.898053047395
11985592326.0,-0.898046212007
11985592327.0,-0.898063438918
11985592328.0,-0.899549142541
20916263340,-0.566516213639
17978342402.0,-0.80197438988
20951331300.0,-0.583546090818
11962228686.0,-0.611925646747
17931569764.0,-0.632748875377
14982036483.0,-0.802456561202
17943228543.0,-0.675472247013
14935125961.0,-1.33083748942
17978342404.0,-1.04961259405
11997342726.0,-0.591777178843
17931615660.0,-0.598177780178
14981944503.0,-0.679367052891
14982036485.0,-0.583710159106
17931523685.0,-0.68823159579
11985592145.0,-0.679296914064
11997343083.0,-0.594959686625
11985592142.0,-1.25589845111
14981990406.0,-0.588154919738
11950524360.0,-0.6999040072
17966683800.0,-1.26900933954
17919911163.0,-0.591217074603
14970240007.0,-0.593605855957
14958580867.0,-1.27977274881
17931569765.0,-0.63272689357
14981944328.0,-0.592940323825
11950478281.0,-1.4977228961
11973933367.0,-0.599225816959
11938773784.0,-1.30603728591
14923513081.0,-0.611007868524
11997342727.0,-0.590595268417
17931615661.0,-0.59692220936
14981944504.0,-1.44334137834
17954933224.0,-0.589436059762
14981944682.0,-1.44374817849
14958581227.0,-0.672430667324
14958626946.0,-0.802137373585
11985592143.0,-0.606076508767
14946830284.0,-1.47889328943
20904558661.0,-0.66163882833
14981990400.0,-0.678969682992
17908160583.0,-0.59834536044
17908160584.0,-0.598052121372
14958627123.0,-0.589849839313
17908160586.0,-0.677568819731
17908160587.0,-0.676519825789
17919864908.0,-0.659015741145
17931569766.0,1388.24104679
11950478282.0,-1.49772283714
17978388481.0,-0.671411746763
20904558488,773.561283518
17943274260.0,-0.404165839848
11997342728.0,-0.58117152019
17931615662.0,-0.591092668592
14981944505.0,-0.672824701524
17931524040.0,-0.603877016045
14935217762.0,-0.81221116625
11985592144.0,-1.8024005708
14981990401.0,-0.675309417381
11938773607.0,-0.899439129997
14958627124.0,-0.589477426547
17954933047.0,-0.595564555559
14935217760.0,-0.609963470444
20951331301.0,-0.583238568888
17966683984.0,-1.05243079411
11950478283.0,-0.898311516284
17908206483.0,-0.682107396631
11997343080.0,-0.691572827044
17978388300.0,-0.588898517368
17931615663.0,10.5094736997
17943228542.0,-0.677755455843
11997343081.0,-0.855236405719
17955025020.0,-0.587494617915
17943228541.0,-0.678712669262
14946830462.0,-1.26576723191
11962228863.0,-0.607836803528
11962228864.0,-0.607751869481
11962228865.0,-0.604045964268
11962228866.0,-0.602042319874
17943228547.0,-0.586876160383
11962228868.0,0.893503985845
17954933045.0,-0.589063870373
17931523863.0,-0.599183865298
11985638041.0,-0.602800923772
11997343084.0,-0.672083156932
11950478284.0,-1.4976983835
17954978941.0,-0.590553834566
20904558302.0,417.311000991
14981944681.0,-1.29650741454
20916217442.0,-0.587391503003
12009047406.0,-0.589684297701
11985638403.0,-0.678899579927
17931615486.0,45.1889752865
11938819680.0,-0.614986322317
14970240002.0,-1.24041172815
17954933402.0,-0.589725679379
11985592146.0,-1.28454083887
17919865080.0,-0.684457206527
11973933545.0,-0.684080763068
14981990403.0,-0.593293808219
14981944688.0,-1.26448833688
17954933046.0,-0.586114162262
11985638042.0,-0.602526888963
14970239822.0,-1.7654160418
14958581048.0,-0.803704215183
11950478285.0,-0.898302106652
17954978942.0,-0.589829144439
14970239644.0,-1.29970667718
14981944508.0,-0.847927278567
11985592500.0,-0.694808992925
11997296821.0,-1.24731336385
14993694902.0,-0.594709549917
11985592503.0,-0.687522517123
11997296824.0,-1.28441504991
11997296825.0,-0.600800822639
11997296826.0,-0.600254419318
11985592507.0,-0.679016421874
11997296828.0,-1.282777523
14981990404.0,-0.593065062438
14935125781.0,-1.46129845333
14958627127.0,-0.587515242754
11985638043.0,-0.602484739246
14970239646.0,-0.595418504529
14982036300.0,-0.592898749276
11973933368.0,-0.5953976426
17954978943.0,-0.586464164478
14923513082.0,-0.692761059413
11962183142.0,-1.1163821369
20951377200.0,0.943658371697
20916217443.0,-0.581682582789
17943228721.0,-0.678619230749
14958626947.0,-0.594147071453
11985592148.0,-0.690220414438
17919865082.0,-0.681028848971
17943228367.0,-0.591507442392
14958535320.0,-0.694141643707
14981990405.0,-0.59304427111
20892808081.0,-0.598596806256
17943320526.0,-0.584017893297
14946830648.0,-0.808888155851
17955025202.0,-0.581335018521
11985638044.0,-0.600233412316
11950478287.0,-0.898292514995
17978388482.0,-0.80006476698
17954978944.0,-0.584859740308
17966683624.0,-0.58422312637
17931524041.0,-0.603497030762
11962182782.0,-1.48434057987
17943228360.0,-0.609686642827
17919865083.0,-0.680466719023
14923467000.0,-1.48990359929
14923467001.0,-0.899542596115
14923467002.0,-1.50357879527
14923467003.0,-1.79783444097
14923467004.0,-1.48998167485
14923467005.0,-1.48731497331
14923467006.0,-1.49190913452
14923467007.0,-1.50783330868
14923467008.0,-0.898127294379
20904512762.0,-0.667694867268
14923421101.0,-1.12539508836
11973933723.0,-0.604954755975
14970240001.0,-1.10836129246
17954978945.0,-0.58266489807
11938773787.0,-0.610091273453
12009001687.0,-0.899479615851
11950524184.0,-0.692333090422
17955024841.0,-0.587948507322
14946830285.0,-0.692523270332
17919865084.0,-0.676403358298
17931569582.0,-0.596044653516
11962183147.0,-0.689841205345
14981990407.0,-0.587123476606
11938773600.0,-1.49803393036
14970285541.0,-0.604933607966
11985638046.0,-0.608878073155
17919910980.0,-0.597821805631
14970239823.0,-0.686719665722
14923421287.0,-0.850406515343
17919819006.0,-1.29176717143
17966638080.0,-0.590450260813
14958581220.0,-0.601158316849
17908206300.0,600.292850261
11950524185.0,-0.689912293186
11938819681.0,-0.613529258785
14946830640.0,-0.612737692582
11962229041.0,-0.697675418775
14946830642.0,-1.25786872725
20951331123.0,2.10960977406
11962229044.0,-0.690338954613
14958534965.0,-0.690291536409
14958534966.0,-1.30180848755
14958534967.0,-0.680911705187
14958534968.0,-1.45408592845
17931524042.0,-0.599078997156
11985638402.0,-0.679250158353
14958627125.0,-0.588237502044
17919910981.0,-0.597235890222
14970239824.0,-1.46263405535
17966638081.0,-0.58937401424
17943228545.0,-0.627448461829
11973887463.0,-0.690979378896
14970285720.0,-0.602379376018
14958580860.0,-0.608580411343
17931523687.0,-0.67414734246
14946922443.0,-0.591300024384
20939626620.0,-0.586134745687
11950524362.0,-0.696193143673
20892853987.0,404.746413628
11938773602.0,-1.49803384406
20904558308.0,1023.79149438
14993649183.0,-0.59437617435
11985638048.0,-0.805651006851
17954933048.0,-0.584490021427
14970239825.0,-0.679039792367
11938773605.0,-1.4027061995
11938773786.0,-0.610709312399
17919819361.0,-0.603581454204
14993695080.0,-0.678082176841
14993695081.0,-0.675007110197
14993695082.0,-0.67217581108
14993695083.0,-0.672152646501
14993695084.0,-0.672059995132
14993695085.0,-0.672036834027
14993695086.0,-0.847874452085
14993695087.0,-0.847832051204
14993695088.0,-1.68325075189
14958535321.0,-1.32005912124
11938773603.0,-1.49803380308
14935171860.0,-0.69254704603
17919910983.0,101.273139729
14970239826.0,-0.678852848055
17978388483.0,-0.868178282843
11973933366.0,-0.601958081113
14970239645.0,-0.601137282731
17966683625.0,-0.582808270602
14970285722.0,-0.595961134421
14946922445.0,-0.589953322998
17931615841.0,-0.673427730897
20904558481.0,1202.25112301
11938773604.0,-1.49803376353
14958534962.0,-1.45630124947
17943274261.0,-0.673775846474
14958580862.0,-0.602463665336
11962228687.0,-0.604849022277
20904512580.0,-0.605335528631
14982036307.0,-0.582091708927
11938819500.0,-0.6150935767
17978388304.0,-0.582849239713
17908114501.0,-0.611882933131
14993649000.0,-1.31813662109
14970285723.0,-0.595877625348
17908160582.0,-0.603602561648
14946922446.0,65.879335949
14946830286.0,-0.690694681839
20939626623.0,-0.582685378017
14923467180.0,-0.610624033677
14935171501.0,-0.855499040661
14923467182.0,-0.614664655677
14923467183.0,-0.608049183238
14923467184.0,-0.605272052242
14923467185.0,-0.605208581565
14923467186.0,-0.604595326103
14935171507.0,-0.682271653967
14935171508.0,-0.601368692744
20927968020.0,-0.582378243315
17919910985.0,-0.633584672872
14935217587.0,-0.805088713975
14970239828.0,-0.675355936644
11938819501.0,-0.614471725161
17919819007.0,-1.26582330329
14935125787.0,-0.604785589671
20904512586.0,1447.11314424
17966683980.0,-0.590243159907
14993649001.0,-1.43688632194
17955024840.0,-0.588733204042
14970285724.0,-0.593252212462
17908114507.0,-0.597779938207
11938819682.0,-0.611690753567
14935125967.0,-0.604067085647
17919819005.0,-0.604616463963
20904512588.0,-0.627513934155
11973933547.0,-0.678665948604
14923421104.0,-1.48653904657
14970331620.0,-0.676217046645
17943274263.0,-0.58842334847
14958627126.0,-0.587680263738
20939672520.0,-0.586917373571
11938819502.0,-0.613721934805
14981944322.0,-1.28461014448
14946876366.0,1473.96673596
14946922268.0,-0.848580926256
14993649002.0,-1.4488578862
17908160402.0,-1.34482248271
14970285725.0,-0.593231415519
17931523688.0,-0.661593132056
14958535140.0,-0.69765148923
14958535141.0,-1.32832297792
14958535142.0,-1.3239960536
14958535143.0,-0.690149298868
14958535144.0,-1.44586426433
14958535145.0,-0.687569769183
14958535146.0,-0.680654050704
14958535147.0,-0.678689308582
14970331628.0,-0.583587104199
17943274264.0,-0.803341738829
11962182780.0,-0.699424215944
20939672521.0,-0.585147437496
11985638404.0,-0.675332676664
11938819503.0,-0.611285211511
14981944500.0,-0.693927257623
11950524361.0,-0.697819011119
14923421280.0,-0.698992649874
14993649003.0,-0.675798008875
14970285726.0,-0.589787756553
20904558660.0,-0.676613012362
14958581040.0,-0.690315245155
17966683983.0,-0.582255428127
11973933365.0,-0.602210827723
14935217580.0,-0.687097376139
12009001681.0,-1.47226391958
17943274265.0,-0.582337302462
14946876360.0,-0.854801602114
14935217581.0,-0.684621957367
20939672522.0,-0.583997373376
14993649187.0,-0.581253264451
11938819504.0,-0.611135859539
11997297000.0,-1.31351396812
14935217582.0,-0.681310065754
17931523681.0,-1.30268707538
17943228724.0,-0.589808450185
14993649004.0,-1.4364600161
14935217583.0,-0.681239752067
11997297180.0,-0.612459783247
11997297181.0,-0.603032882869
11997297182.0,-1.09638001906
11997297183.0,-0.600611634796
11997297184.0,-1.28082234788
11997297185.0,-1.2712482204
11997297186.0,-0.594522006471
11997297187.0,-0.592171598318
14970285721.0,-0.602295096814
11938819505.0,-0.610410881639
17943274266.0,39.3851956962
14935217586.0,498.312265642
20939672523.0,-0.582419186623
17943228368.0,-0.702225231849
17954979300.0,-0.589622229838
14923467187.0,-0.601831741925
17931523682.0,-0.683869093014
11997343085.0,-1.2668608206
14923467188.0,-0.601642275775
17955025201.0,-0.583566597201
14970285728.0,-0.589415377301
20904558662.0,-0.63514885002
17966683985.0,-1.05059991254
14946830287.0,-0.686318547003
14993694901.0,-0.672129482617
11950478100.0,-1.65389747171
14970331624.0,-0.589560167561
17954933401.0,-0.676100624566
17954979301.0,-0.589001858346
11962182783.0,-0.696073725449
14981990402.0,-0.594480337026
11938819506.0,-1.11790634127
14935217763.0,-0.679577507248
17966683981.0,-0.587082251052
11997343086.0,-0.590284575118
17919819008.0,-0.809428508056
11985638406.0,-0.674844378232
20904558663.0,-0.633562665992
11938819683.0,-0.610922553978
17954979121.0,-0.589456742844
17954979123.0,-0.58262394002
14923421103.0,-1.81176160809
14935171680.0,-0.692951342046
14935171681.0,-0.689959688634
14935171682.0,-0.688160659203
14935171683.0,-0.692309321143
14935171684.0,-0.682952516225
14935171685.0,-0.692570822441
14935171686.0,335.892069558
11962182781.0,-1.4589492702
14935171688.0,-0.679600894573
11962182784.0,-1.48196754897
11938819507.0,-0.611818867511
14935217764.0,-0.838663691
11997343087.0,-0.589291295562
11962228680.0,-0.615200847173
20963035800.0,-0.58362812004
14946876180.0,-0.692642155955
17931569580.0,-1.29886260327
11950524364.0,-1.49823299963
14935171861.0,-0.689888596528
14970331626.0,-0.588753866038
20892808080.0,-0.604510781005
17919865081.0,-0.682999494081
14946876182.0,-0.689627980204
11962182785.0,-0.693617691005
11938819508.0,-0.605801196748
11938773788.0,-0.815391014821
17954978946.0,8.06384035873
14935217765.0,-0.673822273721
17966729700.0,-0.58207124679
14946876184.0,-0.688184304022
11962228681.0,-0.613251040804
14923421107.0,-1.27572059559
14946876185.0,-0.685941210329
14982036120.0,-0.595585422496
14982036121.0,-0.593564241478
17978434202.0,-0.583136092325
14993694904.0,-0.588175564385
11973933724.0,-0.602316165667
14958535325.0,-0.597361402095
14958535326.0,-0.602505813789
11973933727.0,-0.596504187724
14958535328.0,-1.28311051039
17954933404.0,-0.59308585439
14946876187.0,-0.68126318926
14993740800.0,-0.671990513902
20892808085.0,25.733489093
11950524188.0,-0.696718796709
11950524187.0,268.82914799
17931523686.0,-0.67668290963
11962228682.0,-0.613079883661
14970331440.0,-0.599897385971
17954933043.0,-1.07201222721
14935217766.0,-0.805771179938
14993694905.0,-0.587041027972
20892808082.0,-1.27075456746
17954933405.0,-0.584941927175
17931569586.0,23.5210564557
14993740801.0,-0.671342323871
14970240004.0,-1.44919572583
14958581044.0,-0.675658379895
14958580864.0,-1.0858390862
17943320161.0,-0.587577120982
14935217767.0,-45.5942170969
17954979302.0,-0.588216855539
14958581046.0,-0.675542041609
11962228683.0,-0.610155183585
12009001680.0,-1.47226438086
14946830460.0,-0.614257419006
12009001682.0,-1.47226345972
12009001683.0,-0.899480501559
12009001684.0,-1.64435713527
12009001685.0,-1.47063376434
12009001686.0,-0.899481757507
11985592506.0,-0.679086535456
12009001688.0,-1.30600249531
11950478101.0,-1.46392203587
20892808083.0,-0.597026753964
17908206301.0,-0.683163938774
17954933406.0,-0.58418207483
17908206303.0,0.0763771031471
17908206304.0,543.171559679
17908206305.0,391.943275123
14993740802.0,-0.587247168108
17908206307.0,1104.20148724
17908206308.0,396.280565577
14958581045.0,-0.675635110842
17919911164.0,-0.590036121122
14946876540.0,-0.813992535946
14946876183.0,-0.60590707328
14970285545.0,-0.593689092405
17955024842.0,-0.587659633949
11985638407.0,-0.672314813151
14946830461.0,-1.12316390695
11950524366.0,-0.604130453585
11938819684.0,-0.610773278156
11962183140.0,-0.6153725134
17931569584.0,318.11680519
20927921763.0,-0.585332449504
11962228862.0,-0.61211788974
11950478463.0,-0.611519970842
14958580866.0,-0.597277725003
17966637726.0,-0.58395633538
20892808084.0,-0.551937747328
14946876543.0,-0.597445089229
17954933407.0,-0.584141025752
17931615480.0,-0.597633422002
14958627128.0,-0.799457924488
14993740803.0,-0.584900832509
14946830464.0,-1.2987497784
17978434201.0,-0.583259066045
17978342580.0,-0.671851570199
14935125962.0,-1.45616119076
14946830465.0,-0.607582031961
14946876361.0,-1.45973733201
20963035801.0,-0.583341060822
17955025026.0,-0.586937981092
20916262987.0,76.6972127676
14935171503.0,-1.62133112342
11962228867.0,-0.60143181782
17931569940.0,-0.677265631564
11938773781.0,-1.33697472359
14935171862.0,-0.688751992549
14935171863.0,-0.688207949551
14935171864.0,-0.689675358594
14935171865.0,-0.6859176328
14935171866.0,-0.681075711405
14935171867.0,-0.677312268202
14946876188.0,-0.849511641498
14993740804.0,-0.592109306612
17978342581.0,-0.671689500818
14958581042.0,-0.685870479864
14970285900.0,-0.68653087849
14923513086.0,-0.596775873257
14958626760.0,-0.80977420821
14981990220.0,-0.602105505578
14946830463.0,-0.608112909577
20904512760.0,-0.682694188396
11938773785.0,-0.611541316442
20951331120.0,-0.584510556128
17943228364.0,-1.08888514446
14993740984.0,-0.58430523684
11950478102.0,-1.46258524403
17978434204.0,-0.581008061093
14981990408.0,-0.79958432611
17943274621.0,-0.675402458698
17931615481.0,-0.591465953812
11962229046.0,-0.68358695516
17931615482.0,-0.588320094261
11950478468.0,-0.690362664781
17978342582.0,-1.06807214348
20916217083.0,-0.588629903358
17954979305.0,-0.58227589579
17978342401.0,-1.26722869717
14981990221.0,-0.595022234873
14970331441.0,-0.805842015979
17966637900.0,-0.67819889617
17966637901.0,-0.672268476348
14982036302.0,-0.59047097432
14982036303.0,-0.589105214826
17966637904.0,-0.583320561206
17966637905.0,-0.583218072346
17966637906.0,-0.804109942338
17966637907.0,-0.582112171678
11985638228.0,-0.80666551091
14923513083.0,-0.605780023347
14935217761.0,-0.604193827227
11973887460.0,-0.698465496612
14981944326.0,-0.593439413022
20916217260.0,-0.66161597985
17978342583.0,-0.587061639203
14958580865.0,-0.597424166504
11973887461.0,-1.4803958614
11938773606.0,-1.32958679584
11962228688.0,-0.812198635732
11973887462.0,-1.47745910119
17978434380.0,-0.583361561054
11962183143.0,-0.608665444819
17943228726.0,-0.586793741426
14982036122.0,-0.803071279057
11950478104.0,-1.49130557763
14958581224.0,-0.595982013255
17943228723.0,-0.672477013859
17931523868.0,-0.592524690567
14923513084.0,-0.604658741585
11973887465.0,-0.6901255951
14981944327.0,-0.609409923151
20916217261.0,45.1566276289
17978434200.0,-0.583771694867
17978342584.0,-1.19914274044
11973887466.0,-0.690007086927
20951331121.0,-0.584428421021
17919864900.0,-1.31885667442
14970285546.0,-0.592047020511
14935125963.0,-1.47974456128
14970331627.0,-0.585085777926
14981944687.0,-0.588960520094
17966637720.0,-0.691287916387
14946830466.0,-1.09875059346
11938819685.0,-0.610560081351
14970240003.0,-0.599960378626
14958535148.0,-0.593772338842
14981944506.0,-0.676077342245
14923421105.0,-0.692238017582
11950478105.0,-0.695405314318
17966683622.0,-0.584962475433
17919910800.0,-0.598638722693
17919910801.0,-0.598010240129
17919910802.0,787.472752366
17919910803.0,1571.92406188
17919910804.0,1010.61721063
17908206485.0,-0.676636310752
17919910806.0,415.589381289
17919910807.0,55.058640528
20892808088.0,-0.792580672052
14946922080.0,-1.27079451939
17931523680.0,-0.696670995733
17919864906.0,-1.41977968084
17919864901.0,419.436734485
14970239827.0,-0.678595872873
14981990224.0,-0.593273010028
11973933364.0,-0.60594942834
14946830467.0,-1.28060810882
11985638040.0,-0.612224713833
11973933720.0,-0.612694930245
20939626801.0,-0.582132635043
14946876363.0,-0.853045228523
17943274620.0,-0.677872126162
11950478460.0,-0.615587154129
20916217263.0,-0.586608334927
14946830282.0,-1.33611252308
11973933546.0,-0.683916125865
14970285901.0,-0.679390433902
14923513087,511.038847992
17919864902.0,-1.13131398709
14981990225.0,-0.593148233988
17978388302.0,-0.587309022209
14946830468.0,-0.809365521627
14958581043.0,-0.678806118987
17943320340.0,-0.673915136573
17943228725.0,-1.06031758966
17943274440.0,253.579386113
17943274441.0,-0.59928874917
17943274442.0,-0.592337736945
17943274443.0,-0.59016033694
17943274444.0,-0.586525948106
17943274445.0,-0.677895462326
17943274446.0,5.5489590547
14982036301.0,-0.672291644402
11950478288.0,-0.898291307387
20916217264.0,462.519824002
11973887822.0,-1.112159707
14935125780.0,-1.33719008729
11950478280.0,-1.49722071629
17919864903.0,-1.29539033687
11973887823.0,-0.814045206981
14981990226.0,-0.590201747181
20916263160.0,-0.59001542066
14923421282.0,-1.33630884056
14970331442.0,-0.593647472933
14982036304.0,-0.588836520221
14935217768.0,-0.807054107489
17931569585.0,-0.586587737295
11973933722.0,-0.607093976079
14982036305.0,-0.58710286352
17955025021.0,-0.585065225969
14946876365.0,-0.853080345052
14982036125.0,-0.58813427571
14982036306.0,-0.584120502137
17943274624.0,-0.582644418738
20939626441.0,-0.586896766668
14970240006.0,-0.593356206533
12009047402.0,-0.60033845363
14946922261.0,-0.685092864736
17943320163.0,173.645698485
20904512763.0,67.308966988
17919864904.0,-1.0672365131
14981990228.0,-0.585003573798
14981990227.0,-0.588774528654
20916263161.0,-0.586628933178
17955025200.0,-0.584448953874
17978388484.0,-1.26698999348
17978342400.0,-0.689083332993
14982036481.0,-0.590968284973
17966638082.0,-1.07051823935
17966638083.0,-0.588196209652
17966638084.0,-1.07041289903
17966638085.0,-1.20415546329
14982036486.0,-0.583279563817
14982036487.0,-0.583013140739
14982036488.0,-1.04989372111
17919910987,975.947504484
11950478103.0,-1.48756529938
14935125782.0,-1.45950040922
11985592140.0,-0.613957498376
20951331122.0,-1.0513510208
14958581221.0,-0.80811592218
17919864905.0,-0.677592146795
14970285547.0,-0.591963981097
14935125964.0,-1.47781073409
20916263162.0,-0.581703033266
11973933360.0,-0.613893246057
17978388485.0,-1.26670293307
11938819686.0,-0.614921977409
11997297001.0,-1.51697735776
14982036124.0,-0.589663607792
11938773608.0,-0.899985554365
17978434381.0,-0.58299265096
14958581041.0,-0.687593396276
17954933408.0,-0.800019126287
11950524006.0,-1.25438791443
14946922081.0,-0.604109330306
14935125783.0,-0.695262156393
17943320520.0,-0.681825892865
17919819360.0,-0.604257206573
14993694900.0,-0.675216387228
17978388486.0,-0.799811643784
11997297002.0,-1.66520926147
11985592501.0,-1.31763906036
11973933725.0,-0.808049025974
14970285544.0,-0.80568251101
17908114500.0,-0.614836193205
11985592502.0,-1.31350242677
17908114502.0,-0.611199863687
17908114503.0,-1.2866783179
17908114504.0,-1.28642874201
17908114505.0,-0.601663325044
17908114506.0,-1.28048997285
14993694903.0,-0.593169028435
17908114508.0,300.413298751
17954933040.0,-0.598974144744
14970285902.0,-0.849712377195
11985592504.0,-1.31034657032
17943320521.0,-0.673288528522
14923513088.0,-0.601347652314
11985592505.0,-0.685658326659
17978388487.0,-0.799850468682
11997297003.0,-0.892229502915
14993694906.0,-0.586979197989
14935125784.0,-1.47452091845
17966637903.0,-0.58879519189
11997296827.0,-0.599939380444
17931523683.0,-0.682670708275
20904512761.0,-0.671087826716
11985592508.0,-0.678152206337
11985592141.0,-1.25663082301
17978388488.0,-1.26684613149
14935125785.0,-0.690386375661
14958580863.0,-0.598408213408
17943320522.0,-0.58543525554
17966637721.0,-1.27051682638
14981990583.0,-0.593189823506
14970331443.0,-0.59175642615
17919864907.0,552.384249247
11997297004.0,-1.3125471613
17954978940.0,-0.592628575504
14946876541.0,-0.604024843523
14946876542.0,-0.60218976203
17943274623.0,-0.586484758403
14946876544.0,-0.597403244407
14946876545.0,-0.596002892716
14946876546.0,-0.599120942525
14946876547.0,-1.27531402072
14946876548.0,-0.804568465763
20939626442.0,-0.586814345238
14970285543.0,-0.597298643334
17954979304.0,-0.582787786968
14935125786.0,-0.606712254132
14923421284.0,-1.47824538096
11985638408.0,-0.671897881988
17908160581.0,-0.603729219608
17931524043.0,-0.598429165655
11997297005.0,-0.892323697311
14970239648.0,-0.679904993656
20904512582.0,-0.591445210456
11997342901.0,-0.691098032922
11962183144.0,-1.81024597893
17966683801.0,-0.588815855745
12009001500.0,-0.612352923897
14958626942.0,-0.678642589326
17931524044.0,-0.598282513129
20904512400.0,-0.69328444656
14935125965.0,-0.688137015092
14958534960.0,-1.33412389382
11973933361.0,-0.611989721978
11938819688.0,-0.813441195497
14993740980.0,-0.592981900868
14993740981.0,-0.592794823817
14993740982.0,-0.589270617444
14993740983.0,-0.588919184323
14958626940.0,-0.687333537232
17978342585.0,-1.24190380792
11997342906.0,-0.671226632935
12009001503.0,-0.600275426951
11997342908.0,-0.590740306477
11997342902.0,-0.685469794113
12009001504.0,-1.27357647186
14993740805.0,-0.590263867202
11962183145.0,-0.814057640125
14946876367.0,-0.88933892843
17966683802.0,-0.584366826159
12009001505.0,-0.594542842131
20963081880.0,-0.583648628884
17931524045.0,-0.595752380527
11997342900.0,-0.691857840286
17943228722.0,-58.7281383327
14958534961.0,-1.33098578763
20916263168.0,-0.586649532046
20916217081.0,-0.598156835473
12009001507.0,-0.59435534369
14981944320.0,-1.11384652988
14958626944.0,-0.592358507077
11950524368.0,-0.851236495386
14958580861.0,-0.608134152964
12009001508.0,-0.589311974301
14923421100.0,-0.699352272081
17919865085.0,-0.676380066896
11997342903.0,-0.683986680433
14970331621.0,-0.672407495099
11962183146.0,-0.606457887325
20904558480.0,214.633113913
17954933041.0,-0.593834780226
14970285903.0,-0.593730714375
17931524046.0,-0.590118929183
17931569941.0,-0.592420821212
11962229042.0,-0.694165467957
17943320342.0,-0.583915299847
11997297008.0,-0.892242427208
17931569942.0,-0.592005499558
14958535327.0,-0.676170475717
20892853801.0,605.509825802
14935217400.0,-0.614900530393
14935217401.0,-0.611904289619
14935217402.0,-0.604743304439
14935217403.0,-1.10168450534
14935217404.0,-1.09201618902
14935217405.0,-36.2150481617
14935217406.0,-1.09718272248
14935217407.0,-0.597089488254
14935217408.0,-0.802907880624
17919819363.0,-0.597884611478
17931523866.0,422.858320694
17931524047.0,-1.27435976857
17966637722.0,-0.592877962937
11962229043.0,-0.690742124231
11985592147.0,-0.688988650094
14970331444.0,-0.59018104175
17954933220.0,-0.679928390806
14981944321.0,-1.1111423385
17931569943.0,-0.588444001171
20904558487.0,48.8565899964
14923421102.0,-1.71571319284
11997342905.0,-0.672222142324
17943320162.0,-0.587412124748
20939626443.0,-0.582357772581
11962183148.0,-0.688113371691
14946922088.0,-0.805082495298
14958580868.0,-0.805936943037
17919819362.0,-0.60200019923
17931524048.0,-0.802417731031
14958534964.0,-1.47509945829
14935125960.0,-0.697986568191
14946922260.0,-0.688255242738
17954933221.0,-0.675379197322
17931569944.0,-0.632704912422
14970331800.0,-0.679858201462
11962182960.0,-1.32772630461
11962182961.0,-1.3277262031
11962182962.0,-1.84118490433
11962182963.0,-1.39611696594
11962182964.0,-1.32832420399
11962182965.0,-0.897968748034
11962182966.0,-0.897973120807
11962182967.0,-0.89311619328
11962182968.0,-0.898238263525
20927921760.0,-0.68138038577
14981944683.0,-0.685446230726
17919911162.0,-0.59154893346
14970239640.0,-1.12060761364
14935125966.0,-0.68714460269
11962229045.0,-0.6866488652
11973933362.0,-0.606436694224
17954933222.0,-0.67238432357
17954979122.0,-0.584202600292
20939672345.0,-0.582398714662
14923421108.0,-1.10453427549
14958626941.0,-0.678736030642
11950478461.0,-0.615436898858
14935217584.0,-0.849619632779
11997342907.0,-0.592711694673
14946830283.0,-0.697388311613
20927921761.0,-0.673891919815
14981944684.0,-1.44084027783
11962182786.0,-0.693498659065
17954979303.0,-0.588113632301
20927921940.0,-0.593918044147
11950478466.0,-0.610176488241
17908206480.0,-0.683281420414
14981990580.0,-0.600842871319
20892807900.0,421.743213035
17908160401.0,-0.81410499442
12009047400.0,-0.607221262541
12009047401.0,-0.602885263679
11997343082.0,-0.603117250611
12009047403.0,-0.594647029809
12009047404.0,-0.594501171436
12009047405.0,-0.675844557454
14982036480.0,-0.591839440657
12009047407.0,-0.589125887982
12009047408.0,-0.583033631133
14935217585.0,-0.604405113898
17919865086.0,-0.674635201627
17908160403.0,-1.30672843545
17931615842.0,-0.673010198929
14970331622.0,-0.676123907585
14981944685.0,-1.27587212875
20904512404.0,544.478825733
17954933042.0,-0.676193760832
14970240000.0,-0.608984411246
14970285904.0,-0.593314607033
20927967664.0,-0.581723484357
17919910805.0,-0.579375625938
14923467181.0,-0.610389569952
14981990581.0,-0.594397005635
20939626621.0,-0.585126883689
20892808086.0,1378.2091367
20927921764,639.756259803
11985638220.0,-0.609537626515
20892808087.0,388.60711187
14958626945.0,-0.5919432228
14923421106.0,-1.31829651167
20904512408.0,-0.576386220752
17943274625.0,-0.582296364067
17931615843.0,-0.586690731635
20904558307.0,526.171218436
14981944686.0,-0.589704988229
17978434386.0,-0.583669138343
11985638405.0,-0.675169876338
11997297006.0,-0.892228668666
17966637723.0,-0.592067781922
14981990582.0,-0.594313684244
14981990585.0,-1.2091939342
17919819000.0,-1.11672539072
14970331445.0,-0.589767063541
17954933225.0,-0.588072347341
11985638225.0,-0.600149390608
11985638221.0,-0.609388641492
14970285727.0,-0.589580854366
17919910988.0,537.339549473
11950478464.0,-1.26132479988
17919819180.0,-0.610986538928
17919819181.0,-0.604806733239
17919819182.0,-0.604088207659
17919819183.0,-0.603708108365
17919819184.0,-0.598869308057
17919819185.0,-0.598512980926
17919819186.0,-0.598135891396
17919819187.0,-0.597194057951
17919819188.0,-1.06859971573
11985638045.0,-0.599519549075
14923421286.0,-1.3019284468
14970239821.0,-0.694070175248
17919865260.0,-0.604383982378
14970239820.0,-0.694880527881
14946922266.0,-0.67700918007
11962229047.0,-0.733394251299
17954933226.0,-0.587618376228
11985638222.0,-0.609005680779
14982036126.0,-0.587969145777
14946876364.0,-1.46621423168
11950478106.0,-1.49020797479
11950478465.0,-0.608346621891
14970239641.0,-1.65709831557
17931615840.0,-0.681403827181
17919819365.0,-0.679530734703
17908114680.0,-0.693236851635
14958626761.0,-0.599813404584
14923421285.0,-0.690599805593
17919910982.0,-0.587742156819
17908114681.0,-0.690410087252
17978388480.0,-0.671550611292
17919865261.0,-0.601242459634
14981990584.0,-0.593023480406
11973933363.0,-0.606182426599
17908114682.0,-0.687168217028
11950524367.0,-0.592462367085
17954933227.0,-0.585106330499
11962183141.0,-0.612994320492
11985638223.0,-0.606839471878
17908114683.0,-0.682295122117
17966683620.0,-0.589084542289
17966683621.0,-0.588092989511
14958581222.0,-0.684057241351
17966683623.0,-0.5848802861
11973887464.0,-1.47492074783
17908114684.0,-1.28267449454
14958581226.0,-0.593668282357
11973887467.0,-0.688893978557
11973887468.0,-0.686672464666
17919819366.0,-0.606627455021
17908114685.0,-0.67733558757
14958626762.0,-0.599099969526
17966683982.0,-0.583484575361
20927921941.0,-0.587927869485
17908114686.0,-0.686153439922
17919865262.0,-0.59845011853
17943274622.0,-0.58974637115
17908114687.0,-0.676449943198
12009001501.0,-1.24152747542
17954933228.0,-0.584407888784
14923512901.0,-0.611221199683
17931569945.0,-0.582316832957
11985638224.0,-0.6024004474
17908114688.0,-1.19738992393
17943320160.0,-0.674728162035
11950478467.0,-0.607773102037
17919865087.0,379.130402861
17919819367.0,-0.591424467722
14970331623.0,-0.590574551181
11938819687.0,-0.814253929119
11950524363.0,-0.69266593522
20951331480.0,-0.583115598858
14923512900.0,-0.611797513585
17943228540.0,-0.684739657722
14970285905.0,-0.593210619201
17954979125.0,-0.589642918505
17919865263.0,-0.596065534855
14981990586.0,-0.584921379534
20939626622.0,-0.585044674629
20892807906.0,456.74477939
12009001502.0,-1.24144972189
14958581047.0,-0.674217017811
12009047580.0,-0.685540488515
12009047581.0,-0.675914385559
12009047582.0,-0.671758954957
12009047583.0,-0.67162005293
12009047584.0,-0.67503036041
12009047585.0,-1.07051264955
12009047586.0,-0.590367412995
12009047587.0,-0.689130678703
12009047588.0,-1.19919972595
11997297007.0,-0.897606695167
14946830280.0,-0.69997600072
20892853800.0,1193.97532374
17919819368.0,33.2129405731
20892853802.0,1245.93612705
20892853803.0,1084.53989722
20892853804.0,1194.09770873
20892853805.0,585.640335804
20892853806.0,1359.50058475
20892853807.0,1574.02653846
20892853808.0,1058.17452361
17943274262.0,-0.672569715273
17919865264.0,-0.58850596299
14981990587.0,-0.583197576418
11938773780.0,-0.615630090003
17919819001.0,-0.609856985507
17919819364.0,-1.08925742866
14923512903.0,-0.607964223708
17919911160.0,-0.601326612516
11985638226.0,-0.599918382893
20916217080.0,-0.601305573349
17978342403.0,-0.590222453234
20916217440.0,-0.635126796216
17908206302.0,15.6950476396
14970331446.0,-0.587597748295
11973887642.0,-1.49025247756
20916217441.0,-37.7284548347
11950524365.0,-0.855464176367
14993694908.0,-0.671596905023
14935125602.0,-1.12547471916
14958627120.0,-0.680045387084
17919865265.0,-0.586567140281
14935125603.0,-1.30690428211
14946876181.0,-0.60781556906
14946922262.0,-0.680958560592
14958626948.0,-0.681849347641
14923512904.0,-0.605589491322
14935125604.0,-1.31716076835
11985638227.0,-0.599016083821
14982036127.0,-0.586958589232
11950478107.0,-0.693022709808
14982036484.0,-0.583853751163
14935125605.0,-0.610730633678
11950524000.0,-0.614750419295
11950524001.0,-0.817078100418
11950524002.0,-0.612823224954
11950524003.0,-1.11617468569
11950524004.0,-1.11517839956
11950524005.0,-0.608070424714
14935125606.0,-1.31982743716
11950524007.0,-0.605610659007
11950524008.0,-0.854125893311
17943228720.0,-0.684221908191
14935125607.0,-0.610283021106
11973933544.0,-0.687617024078
14970239642.0,-1.11649767212
17919865266.0,76.4209400885
14935125968.0,-0.683610462769
14935125608.0,-1.31152378548
11938773782.0,-1.12412184476
14923512905.0,-0.603750331485
14981944507.0,-0.672245308988
20916217082.0,-0.589994720818
14958626943.0,-0.638153726635
14970240005.0,-0.849379429902
11938773601.0,-1.32954508479
20939626800.0,-0.58397685407
14958581225.0,-0.595731508582
11962182788.0,-0.855745841867
14946922085.0,-0.598471072033
14993649181.0,-1.10006758096
17943228544.0,-0.674240244322
20927967667.0,-0.586670131531
17943320523.0,-0.585373570068
11938773783.0,-0.697053483863
12009001506.0,-0.590615986275
14923512906.0,-1.10015024907
17931569946.0,74.237103184
14981944323.0,-0.600107383535
11950478462.0,-1.6670325627
11973887640.0,-1.49025288688
11973887641.0,-1.80575653659
14982036482.0,-0.67157375781
11973887643.0,-0.8981598572
11973887644.0,-1.80589323431
17966637902.0,-0.671319184295
11973887646.0,-0.899587085873
11973887647.0,-0.898139339951
11973887645.0,-0.898137513556
14946830288.0,-1.28099703985
20951331481.0,-0.581314579084
17954933044.0,-1.06519749624
14970285906.0,-0.593127440165
11973933541.0,-0.694594426684
14923513085.0,-0.852983955806
14946922440.0,-0.595376781296
14923512907.0,-0.601726476637
20939672340.0,-0.585353009477
20916217084.0,-0.580334206833
14946922441.0,-0.595314201141
17966637724.0,-0.679834806418
14935125600.0,-1.12617031447
17978388301.0,-0.588010424545
17931615487.0,41.6692827196
14946830281.0,-1.64336401192
17943228362.0,-0.59987638968
14993649180.0,-0.607306132911
17908160580.0,-0.605695336096
17978388303.0,-0.584243653064
17943228363.0,-1.08165892213
17931523860.0,-0.604172702046
17943228546.0,-0.587907232268
17943320525.0,-0.584551627377
14946922444.0,-0.812718401562
14923421283.0,-0.693046500489
17919819002.0,-0.606585059282
14970331447.0,-0.583935817306
11962228685.0,-0.689699048855
14923512908.0,83.5417147718
17919911161.0,-0.592566242672
17919911165,-0.566536209125
11985638400.0,-0.694022533181
17943228366.0,-0.59260779727
14970240008.0,-0.592857177222
14935125601.0,-0.615179391791
20904512581.0,-0.597214973773
17943320527.0,-0.582439659199
20892853980.0,-0.669631868876
20892853981.0,-0.669354855424
20892853982.0,-0.667717898114
20892853983.0,312.826984111
20892853984.0,404.448095771
20892853985.0,-0.836881077624
20892853986.0,931.027347639
11997296820.0,-0.612267447956
14958627121.0,-0.59339780853
11973933543.0,-0.855644134433
14993740986.0,-0.581028491335
14946876186.0,-0.681755532756
14946922263.0,-0.680864852593
17931569581.0,-0.598890274137
14993740985.0,-1.05032824586
20939672700.0,-0.584531091444
11950478108.0,-0.816132189549
14946922082.0,8.73217989702
20916262980.0,378.629266951
14993649182.0,-1.23984437658
11973887648.0,-0.898132660783
20916217262.0,-1.06038971018
17978388305.0,-0.582234961078
14935171687.0,-0.681333505056
14970239643.0,-0.602084443045
11973933542.0,-0.691216704747
14970331801.0,-0.678222242137
17943228727.0,-0.595147348258
14946922083.0,-0.601937023003
11950524180.0,-0.698944712472
11950524181.0,-0.698729029754
11950524182.0,-0.855248032933
11950524183.0,-0.693094083993
14946922264.0,-0.680607213569
14946922265.0,-0.677288949533
11950524186.0,-0.686294958155
14946922267.0,-0.848067683457
14935125788.0,-0.854360775769
14982036123.0,-0.592649354361
17931569583.0,-0.591694171807
11997296822.0,-1.24681228306
20927921943.0,-0.585723194491
17966729520.0,-0.584099979138
11997342904.0,-0.678993052083
14946876368.0,-0.853738998139
14970331802.0,-0.58939469546
14946830641.0,-1.11980207496
14923421281.0,-1.33628495626
14981944324.0,-1.28170870269
17966729522.0,-0.582153099022
14946922084.0,-0.598554892334
14946830643.0,-0.606415501759
17943320341.0,-0.585743766187
14993649184.0,-1.27637527379
14970331625.0,-0.589022528401
14946830644.0,-1.25426415417
14970285907.0,-0.588857185317
14935171500.0,-0.696957844618
14923512902.0,-0.610858574787
11997296823.0,-0.602716593986
14946830645.0,-0.602442592059
14958626767.0,-0.586093579455
17954933403.0,-0.585024123905
17966729521.0,-0.582705858579
17908206481.0,-0.682858568969
14970331803.0,-0.584983024307
14946830646.0,-0.601979139856
20892807901.0,333.762486047
20963035980.0,-0.582972161795
11962228684.0,-0.606754657503
14946830647.0,-0.804372830159
11973887820.0,-0.614064598427
11973887821.0,-0.60947377196
14981990222.0,-0.594626191023
14981990223.0,-0.593709903078
11973887824.0,-1.11159964533
11973887825.0,-0.602758757615
11973887826.0,-0.687380777953
11973887827.0,-0.810777161736
11973887828.0,-0.679273535858
14993649185.0,-1.27702606909
17908160585.0,-0.680162400913
14970285908.0,-0.802469447349
17931523861.0,-0.601221422991
11950478286.0,-0.899634121126
17966683803.0,-0.58282875485
14970239647.0,-0.595209913397
20904512401.0,-0.683257922676
14958535324.0,-1.46671262557
17919819003.0,-1.2530305444
11997342720.0,-0.691026838371
17931523684.0,-0.121295666236
11985638401.0,-0.856574994517
14946922086.0,1525.78024759
17954979120.0,-0.589539481377
17943320343.0,-0.581743936062
14993649186.0,-0.589146561759
20927922120.0,-0.672987009319
17954933400.0,-0.677149052212
14958534963.0,-0.693641499536
14935171502.0,-0.693070291884
17978388306.0,-0.582173563615
14958627122.0,-0.592233895631
11973933548.0,-1.04775691167
20904512402.0,-0.515480379313
14970331805.0,-0.799085938331
11997342721.0,-0.679063163561
17978342407.0,-0.691335394374
20927922121.0,-0.587639004779
14946922087.0,-0.805472309887
17931615483.0,1557.5908791
17931523864.0,-0.685069312657
17908160400.0,29.1429356519
11962228860.0,-0.614600339717
20904558482.0,-0.623682841035
20904558483.0,517.677426656
17908160404.0,-1.30454409204
17908160405.0,-0.873666336609
17908160406.0,-1.30921310271
17908160407.0,638.801847933
17908160408.0,-0.81321649273
17931569760.0,-0.48857479698
11997297188.0,-1.27912549239
20904512403.0,-1.42047416147
14958535322.0,-1.28674931611
14970331806.0,-0.582726339754
14923513080.0,-0.842349573653
11997342722.0,-0.850107233993
14958535323.0,-0.599456596093
17954933223.0,-0.671180361419
14970331804.0,-0.584387357164
20927921762.0,-0.588712542665
17931523865.0,-1.27631976518
17943228365.0,-1.27614154353
11962228861.0,-0.613144062776
20927922122.0,-0.583894783003
11962182787.0,-0.693117876815
17943320524.0,-0.585167991919
14935171504.0,-1.44437575104
11962229040.0,-0.697747211716
11973933726.0,-0.599414630586
17931569761.0,-43.3746752265
17966637725.0,-0.588877851032
17908206484.0,-0.680326249763
11985638047.0,-0.594167895865
17966637727.0,-0.583607611812
11997342723.0,-0.69368911874
11973933728.0,-0.679881597208
14981944325.0,-0.595084788751
14970285542.0,-0.599477579791
20904558300.0,-0.682083934113
14958581223.0,-0.599498564119
20939626440.0,-1.27153934227
17943228361.0,-0.60147390436
14946922442.0,-0.595251626617
14958626763.0,-0.598911240845
14958626764.0,-0.595794126296
14958626765.0,-0.592026259723
14958626766.0,-0.587886595671
14946922447.0,-0.799999022069
14946922448.0,-0.785145172374
14935171505.0,-0.684669035391
17931569762.0,-0.675704920096
11973933721.0,-0.61263079155
11973933540.0,-0.695620099526
17908206482.0,-0.682717669222
17966637728.0,-0.799597485957
14923421288.0,-1.28248223674
20892807902.0,-0.59798930045
11997342724.0,-0.678268936172
14981944501.0,-1.31896020128
20904558301.0,553.163194094
14993649006.0,-0.581191955335
17931523867.0,560.908545477
14946876362.0,-1.45857186712
14935217588.0,-0.804404126469
14993649005.0,-0.590429547926
14935171506.0,-0.243899896915
17931523862.0,-0.599792410811
17931569763.0,-0.638464424559
17908206486.0,436.824031879
11962229048.0,-0.850363029175
17919819004.0,-1.25240016755
14981944680.0,-1.75505269782
11997342725.0,-0.676054060624
14970285540.0,-1.45576797375
14981944502.0,-1.3157753256
