11985592320.0,-1.40379573634
11985592321.0,-1.40379290546
11985592322.0,-1.43395884508
11985592323.0,-0.894566140761
11985592324.0,-1.39777108492
11985592325.0,-0.897424501268
11985592326.0,-0.893877869303
11985592327.0,-0.897705026053
11985592328.0,-0.897023411509
14970240002.0,-1.31888022347
14935217403,39.8613064923
11962228865,-0.56892681
14946830642.0,-1.22441416116
14935217404,28.0161445128
17919864900.0,-1.13699212642
17908160581.0,-0.658517005398
17908160582.0,167.008709059
17931569766,-0.192392998376
14935217405,52.8634333545
14935217762,-0.296689169784
14970240000.0,-0.674613479164
12009047400.0,-0.672679460696
14958535142.0,-1.33281702473
12009047401.0,-0.668364763873
11962228860.0,-0.699640761337
14946830461.0,-1.27061244019
11962228862.0,-0.692793677796
14946830463.0,-0.684042762933
11962228864.0,-0.630381578744
14946830465.0,-0.601814485233
14946830466,-0.485516654795
14946830467,-0.128774221495
14946830468,-0.0599544775007
14935217407,19.8208823771
17919865080.0,-0.62412754077
11985592500.0,-0.68521965068
11985592501.0,-1.20605614305
11985592502.0,-1.20147501561
17919865081,8.86937562133
17943228360.0,98.7444309798
14935217763,2.62894622565
14923467000.0,0.556464590755
14923467001.0,34.2215434046
14923467002.0,63.4852227765
14923467003.0,0.626747403174
14923467004.0,99.2443295901
14923467005.0,159.089865278
14923467006.0,0.798186463048
14923467007.0,-0.834398404341
14923467008.0,-0.896713292942
14946830284.0,-24.3022568395
14923467187,0.806519662206
14958535143,-0.45908502115
11950524184.0,97.1121182551
14935125961.0,-1.26799992599
11938773600.0,123.658109691
17919910980,-0.378198059448
17908206300.0,-0.682163410393
20892807901,12.9322638404
14958534960.0,33.3792895388
11962229041.0,-0.696767373464
11962229042.0,-0.685455240132
11962229043.0,-0.828922372038
11962229044,-0.587643484766
11962229045,-0.527713712143
14946830646.0,56.5194127898
11962229047,-0.144087280136
17919910981,56.2275184522
14935125963.0,-0.619508153281
11997297000.0,-1.39264287163
11997297001.0,-0.857559755378
11997297002.0,-1.39256854347
11997297003.0,-0.856113550262
11997297004.0,-1.38583358189
11997297005.0,-0.896687389626
11997297006.0,-0.896697246403
11997297007.0,-0.896710251291
11997297008.0,-0.896652405024
20904512760,35.7629581785
11950524188,3.67662764893
14935125965,23.5372803345
20904558481,17.4772550974
17919910984,23.3962665509
17908114500.0,-0.705418661409
14923512901.0,-0.694142505787
14993649000.0,-1.20608244662
14923512902.0,-0.41764512208
11962228866,-0.128705609812
14923467180.0,38.9253996903
14923467181.0,139.265670266
14923467182.0,5.84830121977
14935171503,145.747411836
14935171504,151.221843261
14923467185.0,67.7306452159
14923467186.0,-0.856684895114
14935171507,124.875596626
14923467188.0,0.772704082423
17908114505,19.8946460817
11938819501.0,0.120575435691
17908114506,13.278547899
14993649001.0,-1.20087764238
14935125960.0,14.5604337987
11973933363.0,164.401274335
14958535140.0,-0.696687704694
14993649002.0,-1.31923341652
14946830641.0,-1.22773192885
11973933541.0,-0.684356427084
11973933542.0,-0.671444223773
11973933543.0,-0.600972855011
11973933544,-0.45942052248
14958535141.0,-1.24055158363
17931523680.0,-0.698122962145
20904558660,-4.75441733555
17919819180.0,-0.690339945329
17919819181.0,113.802040982
14923421102.0,197.830594806
14923421281.0,10.6901030206
11938819503.0,-0.484333570043
11997297180.0,-0.675698643215
11997297181.0,-0.669364237611
11997297182.0,-0.668902780592
11938819504.0,0.74475911358
14935217406,55.5693779808
11938819505.0,124.827268424
11938819506.0,0.289036463783
14923421107.0,125.928694479
17931523682.0,-42.1952166571
11938819508.0,-0.887130515921
14935217588,-0.150390585975
14958581040,-0.58743725359
17931523683,122.154681085
14935171680.0,1.0299256183
11938773601.0,117.617857746
11938773602.0,106.106901494
11938773603.0,119.456921171
11938773604.0,72.7169231681
11938773605.0,183.267838482
11938773606.0,132.781122252
11938773607.0,92.2288100821
11938773608.0,7.83775521278
14958581041,-0.459252746656
14935217764,-0.272170125758
11962228680.0,-0.702765292958
14935171860.0,142.762535679
17931569580,43.6402690804
11950478101.0,56.2688915654
20892808080,30.5342127977
11950524182.0,54.7283987573
14946876183.0,198.020152758
14935217765,-0.134470995953
14946876184.0,3.8544847445
11962228681.0,-0.698841560202
11950478105.0,165.398411323
11985638040.0,-0.68592663111
11985638041.0,-0.672061595199
11985638042.0,-0.601253286214
14970239643.0,-0.665910049001
11950478106.0,119.030084814
17931615480,70.1278144677
14935171867,-0.462144933394
11985638400.0,-0.855377897834
11938773788,139.259527296
14935217766,24.3624011634
11962228682.0,-0.685690900269
14970331440,7.4849761031
11985638401.0,-0.676008969218
11962228683.0,-0.683729224217
12009001680.0,-0.675621081107
12009001681.0,-1.38292491496
12009001682.0,-1.38292399
12009001683.0,-0.853639007078
12009001684.0,-1.38162534473
12009001685.0,-1.38162480566
12009001686.0,-0.89630020257
12009001687.0,-0.852484480397
12009001688.0,-1.55119135121
20892807900.0,-1.38112990162
17908206301.0,-0.658820457714
17908206302,-0.514671107075
17908206303,114.62600808
17908206305,23.0546953706
14981944322.0,-1.21548084967
11962182780.0,16.8287808188
14935125962.0,90.848033763
11950478461.0,41.7979838557
14923467184,29.798264231
14946830462.0,-1.26291814397
11950478100.0,58.1253153983
11962182783.0,15.0300460252
11962182782.0,121.933452197
14946830464.0,-1.30786696517
11950478465.0,126.206329614
11962182786.0,17.2447508444
17931569940,3.56117924209
17919910800,-0.403516890881
14946876180.0,93.7780336458
11938773781.0,125.61704767
11938773782.0,117.768814057
11938773783.0,127.700826964
11938773784.0,112.884969136
11938773785.0,111.396121698
11938773786.0,105.290970897
11938773787.0,185.685436135
11950478108.0,51.5099074196
14958626760,13.7469820212
14981990220.0,-0.665986640006
11950478102.0,79.8667666133
14970239820.0,-0.686162432678
14970239821.0,-1.21307664858
11985638222.0,-0.67376191536
11950478103.0,94.858407453
14946876360.0,-0.708
11962183140.0,-0.703327397272
11973887461.0,-1.26750991541
11973887462.0,-1.34851560587
11973887463.0,-0.665603761557
11950478104.0,96.1528118959
11962183144.0,-1.20601796426
11962183145.0,-0.601463683238
11950524000.0,2.63958539204
14958581226,-0.527525454507
11973887641.0,-1.66880225011
17908206480.0,-0.677484713987
17908206481.0,-0.677018386387
17908206482,37.8169387572
17908206484,15.4709237262
20892808085,-0.48604377789
17908206486.0,-0.677251515214
11950524001.0,-0.692159728164
20904512408.0,-0.677096088225
14946922080,32.5557654115
11973933720.0,-0.686476944824
11950524002.0,44.0261391227
11950478280.0,-1.44175728463
11950478281.0,-1.44175628127
11950478282.0,62.3417972811
14946876363.0,175.048072654
11950478284.0,10.3699847658
20927921760.0,-56.8094869183
11950478286.0,36.117711673
11950478287.0,89.0182965883
11950478288.0,88.6794217536
11950524003.0,13.1465585127
11985592142.0,-0.696050641242
14935125780.0,64.090067033
14935217768.0,-0.698362422978
14970239642.0,-1.22526677245
11950524004.0,146.568596435
14935125781.0,75.1108034107
14970239828.0,-0.674071466555
11962182961.0,-1.43587858758
14981944320.0,-1.21309110168
14981944321.0,-43.5949093726
11985638402.0,-39.4353422076
14946876540,4.56006216953
14935125783.0,147.994939447
17931524040,2.88658385674
11997296820.0,-0.68482715861
20916217080,58.2905886375
11997296821.0,-1.21317542597
20904512580.0,-0.676940692317
17908114501.0,-0.694063099477
17908114502.0,127.524420293
14923512903.0,-0.682398082882
14923512904.0,-1.18801154051
14923512905.0,-0.635364848235
14923512906.0,-0.687893807276
14923512907,149.796553245
11950524008,4.59516541174
14935125785.0,39.1733366941
14958580860.0,-0.644093112526
11962182781.0,-1.37776426928
11950478462.0,8.47554898929
11950478463.0,-0.690972438625
11962182784.0,-1.38320384148
11962182785.0,-0.665527208836
11950478466.0,-0.683807597139
11950478467.0,-0.826614134578
11950478468.0,-0.835514997115
14935171682,10.3359792812
14935125787,77.0007979802
12009001500.0,-0.675310910221
12009001501.0,-1.20400206538
11997342900.0,-0.674381141589
11997342901.0,-0.673529833204
11997342902.0,-0.666446346903
14958626940,15.9341315122
14958534961.0,-1.37482426435
14935171684,29.7893574238
14935171506,141.915138987
14923421100.0,185.932703392
20904558480.0,-0.677173797834
11973887466,14.3677201321
14958534962.0,-1.36279495422
14935171685,129.62097274
17908114680.0,27.602654722
14923513081.0,-0.690418979324
14923513082.0,-0.635879758081
14923513083.0,-0.626884322156
14923513084.0,-0.624199953524
14923513085.0,-0.611993215874
14923513086,-0.403667945949
14981944681.0,-1.19593829849
17908114688.0,38.2098624555
14946922260,-0.388784507623
11962182960.0,6.76699807561
11950478460.0,16.1717051478
11962182962.0,-1.43587728441
11962182963.0,105.096401788
11962182964.0,-1.69930259845
11962182965.0,22.1723348744
11962182966.0,-0.907670605813
11962182967.0,-0.907388143936
11962182968.0,-0.907487113112
17931615840.0,-0.698282594718
14970239640.0,-1.23757789536
14923421108,123.287696425
14958580861.0,-0.601884666681
14935217584,0.0111475222149
17919819361,-0.128842853761
20904512400.0,-1.21605472818
17908160401.0,180.305123385
14981944680.0,-1.19634271291
11997343081.0,-0.673065877702
11997343082.0,-0.666983020327
12009047403.0,-0.66606323867
14958580862.0,-0.600902764734
20904512405,134.520673809
20904512406,22.9265669291
11985638220.0,-0.68467021672
17908160407.0,-0.853375285963
14946876188,1.55785010592
14935217580,121.472056057
14935171862,1.73448997798
11985638221.0,-0.674148873702
11950478464.0,23.9293493922
11938819500.0,3.00138450939
14923421101.0,194.638740474
11938819502.0,-0.713067969904
14923421103.0,177.745239347
14923421104.0,193.767448329
14923421105.0,181.630230416
14923421106.0,240.645838574
11938819507.0,-0.63543838472
11950524360.0,-0.703889895177
17919865260.0,-0.611922023671
14946922261,3.55373788612
14970239641.0,-1.23875561876
17919819365,0.369060769835
17919819000.0,-0.821741500129
14946830281.0,-1.27966601642
17919819001.0,-0.687499978529
17919865261,-35.695398733
17919819002.0,43.2798165738
14923512900.0,-0.705660311171
17919819003.0,170.461873278
11973887460.0,-0.702925854045
11962183141.0,-0.697086128223
11962183142.0,-0.862426460703
11962183143.0,-0.850824836936
11973887464.0,-1.34751089951
11973887465.0,-0.601533829606
11962183146,141.880160777
11962183147,-0.459588348637
17908114685,101.007284157
17919819006,35.5649480295
14923513087,53.5725849726
14935171508,23.6007105742
14935217408,6.77407177489
14970240001.0,-0.673684546906
11950524363.0,161.440618716
11997343080.0,-0.673297820658
12009047580.0,-0.669210387841
12009047581.0,-0.668595296354
14993649188.0,-1.19771648329
20892853800.0,12.3784256009
20892853801.0,-0.759341411112
20892853802,-0.644627000894
20892853803,18.5043997973
20892853804.0,-0.405789181389
20892853805,58.3779876923
20892853806.0,18.8526789951
20892853807,17.9149977979
20892853808.0,-0.48415678319
14935217581,12.5499052512
11938773780.0,117.566189258
17919911160,-0.150315491328
17919819360.0,123.820598555
14935217761.0,-0.270551506481
14923421282.0,-1.70355478046
14923421283.0,-0.691209754087
14935125604.0,146.573212571
17908114681.0,234.622642721
11950478107,83.9157469023
14923421285.0,117.353222755
14923421280.0,-0.704774616334
17931523681.0,13.6289663155
11938819682.0,-0.697325277975
14935125603.0,-0.156116565976
14923421284.0,-1.36964459379
14935125605.0,-0.690260919237
14923421286.0,83.6651593687
14923421287.0,-0.652322906166
14923421288.0,13.7363876773
11950524007.0,-0.705740877202
11938819688.0,-0.69844225922
14946876182,10.7676411509
17908114682,53.7781914774
11973933540.0,-0.692555887252
17908114683,105.057772756
11973887640.0,-1.41795000083
14935125600.0,-0.704533232228
11973887642.0,-1.41639294136
11973887643.0,-0.896671233494
11973887644.0,-1.41048297441
11973887645.0,-0.898364700076
11973887646.0,20.7272643221
11973887647.0,-0.898537798706
11973887648.0,-0.898474754755
14946830288,19.270757049
14923467183,94.1355500395
14946922440.0,-0.641641774751
17908114684,94.4561540625
14946876361.0,-38.2324408096
11938819680.0,-0.704372349714
11950524362.0,-0.8414391024
14993649180.0,-0.672988578844
17908160580.0,-0.687578728527
11950478283.0,145.029108475
17931523860.0,43.4174469848
11962228684.0,-0.665144560034
14946876185,39.4226965538
11950478285.0,10.2187393974
11938819681.0,-0.704131086263
20904512581,74.3121285451
20892853980,60.8844085081
14935125968,-0.527902026257
14946876186.0,130.226266101
17908114686,135.133244242
14935125602.0,1.12664007139
17908114687,96.8631779219
11938819683.0,52.0414931273
11950524180.0,127.925593893
11950524181.0,111.965989002
14935125782.0,50.8722978206
11950524183.0,160.472433461
14935125784.0,35.843620138
11950524185.0,103.566128928
11950524186,206.091836104
11950524187,44.5474295318
14935125788,123.757402029
11973933360.0,-0.695891454992
14958535322.0,-1.20071620359
11973933361.0,-0.719904503622
11973933362.0,-0.61313325981
14935125601.0,-1.28083983071
11938819684.0,102.75082812
14935217760.0,-0.688839800028
17931523861,-39.3385485039
14935171500.0,139.146971008
11973933365,0.217045425816
14993695080.0,-0.666906329694
11962229046,-0.059906505549
11973887820.0,-0.696448746176
11973887821.0,-0.676397051311
11973887822.0,-1.2124743662
11973887824.0,-1.19967742424
11985592147.0,-0.601042952296
14935171501.0,224.102387492
11997342720.0,-0.675155871295
14935125606.0,0.128290761105
14935171502.0,91.133685807
11997342721.0,-0.67229323684
14935125607.0,1.8897421126
17908160400.0,7.1914775445
14958535320.0,-0.685376702462
17908160402.0,25.2201618546
17908160403.0,-1.35780027374
17908160404.0,32.1983973419
17908160405.0,-0.854654954367
17908160406.0,-1.38222405272
14958535321.0,-1.21864735627
17908160408.0,-0.868434443167
17931569760,6.52183491709
11973933722.0,-0.674690940512
14923513080.0,-0.691763767096
11997342722.0,-0.666676303802
11962228861.0,-0.699081236636
11962229040.0,-0.70630506505
14946830460.0,-0.703568419592
14935217400.0,4.00843050693
14981944500.0,-0.67593137608
14946830280.0,-0.707919208079
11950524361.0,-0.86572018867
14946830282.0,-1.2743817498
14946830283.0,-0.695811873805
14935125964.0,-1.24640552701
11962228685,88.7018556422
14946830286.0,3.66672418714
14946830287.0,155.80522359
11950524368.0,-0.641715938928
14935171505,117.29205308
11973933721.0,-0.686241048921
17908206485,-0.125910177253
14935217401.0,20.1564626532
14981944501.0,-0.673452487955
11985592140.0,-1.33265979233
11962228863.0,-0.662852680484
14946830640.0,-0.692714406355
14935217402.0,224.093202288
14981944502.0,-1.2056445499
