11985592320,-0.705458842541
11985592321,-0.705434679501
11985592322,-0.705410517185
11985592323,-0.865757422059
11985592324,-0.867788070931
11985592325,-0.865686939521
11985592326,-0.865694018903
11985592327,-0.865261909429
11985592328,-0.867243134056
14935171507,48.8016452949
17919819180,80.0210790654
17931523685,84.9828346268
11950478281.0,-1.7138063245
14923513081,146.155125395
17908160580,-0.69867350496
17919864902,-0.674047082976
17919819182,23.2885139552
11985638040,-0.704420486094
14993649000,-1.25096440334
14993649001,-1.25068352579
17943228540,8.61092707053
14946830461,-0.705918078063
14946830462,-1.27800379145
14946830463,33.9259120464
17931569581,123.031683253
14946830465,-0.70473426656
11950524006,68.4466851431
11985638041,-0.692278010252
17919819184,86.0128748397
11950524180.0,-0.706401766746
17919865080,71.8713968902
17919819185,191.536076159
11997296820,-0.704468752047
11985592501,-0.692064127273
14935125781,-1.39639970664
17919819186,130.822002436
11950524182,-0.701553867915
14970239821,-1.26028972662
12009001681,-0.701986817396
17919819187,145.266868376
17943228360,-0.704854983943
14935217763,-0.675534658678
14923467000.0,15.26849298
14923467001.0,-0.847300209367
14923467002.0,-0.286501326111
14923467003.0,16.0410924202
14923467004.0,16.1968646518
14923467005.0,15.2108459725
14923467006,16.0097998537
14923467007,83.0503994994
14923467008,16.5725393731
17919819188,16.7188356067
11950524184,-0.70282933316
14935125961,-1.2783024447
11938773600.0,1.98951448178
14935171868,-0.655668707772
17908206300,-0.696161679299
11938819681.0,-0.706909952298
14958534960,-1.28250284165
14958534961,-1.27951689407
14946830642,-1.26217592679
14923421101.0,-1.28637457032
11962229046,-0.705700512818
11962229047,-0.704903275966
17919910981,11.1421808332
14935125963,14.7606685814
11997297000,-0.704565292641
11997297001,-0.704541156407
11997297002,-0.704517020896
11997297003,-0.704492886109
11997297004,-1.42407130349
11997297005,-0.702058998375
11997297006,-0.865016229873
11997297007,-0.862928111506
11997297008,-0.862943449097
14935171860.0,-0.706474345083
11985592141,-1.37393408768
14935217764,-0.673861336753
11973933361,-0.701722209378
14935171861,-0.701361520955
17908114500,74.6462549414
11938819500.0,18.9825422239
17908114501,20.3936069262
14923467180.0,-0.707055206984
14923467181,-0.699800411981
14923467182,-0.687727674714
14923467183,19.1631101345
14923467184,15.3496989113
14923467185,-0.679499928802
14935171862,-0.896914150631
14923467187,10.5837650538
14923467188,-0.6764658449
14935125960,-0.705748855574
20927921760,124.054173709
14935171863,124.818992353
11973933540,-0.702612601751
11973933541,-0.701794366541
14958535142,-1.37516093918
14958535141,-1.27130313325
11962182780.0,-0.707491127945
11938819503,-0.734666958152
14935217760,-0.694586862379
14935217580,50.0168676101
14935217581,266.731474499
14923421102.0,-1.28640349503
17931523681,9.43888432352
17919819183,298.437684252
11997297180,-0.702034937326
14923421104,-0.723297025026
14923421105,3.56743287556
14935171866,-0.845724567899
14923421106,275.755562415
14935217587,101.139642779
14935217762,-0.676442551624
11938819508,-0.68794038671
14923421283,-0.698625586706
14935171680,-0.0101866632394
11938773601.0,2.56814151411
11938773602.0,-1.1840688684
11938773603.0,16.3947907875
11938773604.0,2.63836523729
11938773605.0,-1.21753163324
11938773606.0,-1.61351816204
11938773607.0,0.640343779063
11938773608.0,257.76874421
11938819507,14.5277437034
14923421284,14.595574907
14946876180,16.7165454669
17931569580,-0.232493329907
11950478101,-1.40175458627
11938773782,-1.28484515999
11950524183.0,-0.707176272528
14935217765,-0.673188380263
14946876184,18.3877112689
11950478105,-0.703046123093
14970239640,-1.2763239762
14970239641,-1.2760762639
11973933722,-0.692206709509
11950478106,-1.17122328659
11938773787,-0.703022032432
11985638400,-0.702203379822
11938773788,23.713040718
14935217766,-0.655192793553
14981944321,-1.2756221227
14935217767,-0.653518150213
12009001680,-0.702010877
14958626940,-0.704879129592
12009001682,-0.865066077825
12009001683,-0.701938700352
12009001684,-0.691874057542
12009001687,-0.691826547237
20892807900,19.7863965364
17908206301,21.2485084856
17908206304,-0.686145955974
20892807906,176.618392987
11962228860,-0.705869725154
11962182781,-1.39626803722
11950478462,-1.28275711693
11950478100.0,-0.70783034036
11950478463,-0.865186415255
17919819000,0.741079834414
11950478464,-1.31159523162
11938773780.0,-0.707660716344
11938773781.0,-1.28633681192
14946876182,21.3115929544
11938773783,-1.15576199136
11950478104,-0.522671140055
11938773785,-0.704975719434
11938773786,-0.703142492964
11950478107,-0.699752426116
11950478108,-0.864922863519
14958626760,-0.705676342528
11950478102,-1.14237403481
14970239820,-0.702251512747
11985638221,-0.692349317412
14970239822,-1.25977112575
11950478103,-0.456316160283
14946876360.0,-0.708
14935217761,-0.679195987662
14958535140,-1.27714310112
20916217260,124.035582256
11962183141,-0.704710125256
11973933542,-0.69242063099
11950524000.0,19.2496794673
12009047580,-0.691802793153
20892808080,-0.696113911748
17919910801,15.9222871851
11950524001.0,18.7793431034
14946922080,-0.700976965494
14946876362,-0.705579668617
11973933720,-0.702492220695
11950524002,-0.703118399412
14958626761,2.20981899639
11950478280.0,-1.44864414167
14946876361,-0.705942255605
11950478282.0,0.243200140801
11950478283.0,-0.876377647096
14946876364,-1.42939950236
11950478285.0,-0.901619560204
14946876366,-0.866230610792
14946876367,-0.86656790291
14946876368,-0.86660264628
11950524003,-0.797549547123
14946922260,-0.700856829761
14946876365,-0.866251238204
11950524004,18.1719830812
14946922261,-0.700208408102
11962182961.0,-1.44496161227
14970240000,-0.69218294402
11997342721,-0.691660283614
17919910800,-0.698793313174
11973933360,-0.705313875172
11962183140.0,-0.70666791925
17931524040,19.4948222788
11985592500,-0.7045894296
20916217080,-40.2222800335
14981944501,-1.25742730579
17919910980,121.089894648
14923512901,-0.691232908873
14923512902,0.0624112562091
14923512903,-0.0944117183714
14923512904,68.4955797677
14923512908,-0.693538715372
20904512580,152.181585234
14935171681,18.2464796927
14946876540,-0.701217291026
14946876541,-0.698314188125
11962182782,-1.27666043925
11962182783,-1.02598443771
11962182784,-1.38060234212
11962182785,-0.898166619949
11962182786,26.8249339324
11962182787,-0.673234772261
14935171682,16.7934615173
12009001500,-0.701914642913
11997342900,-0.692135415183
11997342901,-0.691731535177
17931569940,-49.1912565619
14981944320,-1.26004175449
17931524046,-0.676419259046
17908114680,-0.338274364271
17919819001,-0.700304437432
17919819002,-0.698649545474
14923513083,-0.674070304389
17919819005,-0.684567413247
14923513086,-0.698817276974
14923513088,-0.672678251945
14935217582,-0.654038249349
11962182960.0,-1.44453819199
11950478460.0,-0.707612258881
11962182962.0,-1.44496143054
11962182963.0,60.2028963256
11962182964.0,-1.4443362614
11962182965.0,-0.868244274622
11962182966.0,-0.868573685332
11962182967,-0.868528581344
11962182968,-0.868523499514
17919819360,50.8579431758
11950478461,-1.282884655
14935217584,-0.848022987654
17943228361,4.12213190724
20904512400,164.077706407
17908206481,-0.693514909925
11997343080,-0.692016605563
11997343081,-0.691921570698
14935217585,127.953438124
11985638220,-0.702347787261
14935217586,4.8106409088
14923421100.0,-0.707370015176
11938819501.0,-0.77909787052
11938819502.0,-0.836243734627
14923421103,19.578968184
11938819504,-0.693405121884
11938819505,17.9457199877
11938819506,-1.32735261384
14923421107,77.7346996465
14923421108,-0.696042265795
17919865260,127.143917834
14935217588,-0.652343595907
17931615840,-41.6265561249
14923513080,0.0365083799331
11950524361.0,-0.706764723756
17908114681,-0.686641376536
17908114682,30.2308454581
14923512900,46.6098509664
11973887460.0,-0.706546929951
11973887461,-0.129611050189
11962183142,-0.70254037095
11962183143,2.57372784337
11973887465,-0.691541545258
14946830282.0,-1.28651971611
17919819006,118.028718954
17919865262,42.1244044861
14923421280.0,-0.707224703831
14946830283,-0.705845549787
17919865263,-0.652117930065
14993649180,-0.691897813764
14946830280.0,-0.707975760727
20892853800,-0.698769350094
20892853801,-0.698745387732
20892853802,-0.696137795165
20892853803,-0.686122372302
20892853804,36.6292236403
17919911160,-0.672655072292
17931523680,-0.705652172962
14946922081,-0.698457895456
17931523682,-0.694563025489
14935171683,50.4740089668
14946876181,2.02929341029
14935125604,3.05845836362
17919911161,50.7438678976
11938819685,-0.6925870543
14935125600.0,-0.707030996054
14923421281.0,-1.28604277583
14923421282,-1.30843969399
14935125603,140.398207879
11938819684,20.5661981611
14935125606,-36.0459355395
11938819686,-0.582446671246
11938819687,291.813565738
11938819688,-0.860003649021
17931523687,137.890692967
14935217768,-0.652456454218
17943228363,-35.9160614995
14946876183,150.201606648
11973887640.0,-1.43582085944
11973887641.0,-1.4358204349
11973887642.0,-1.43582001179
11973887643.0,2.36466580122
11973887644,-1.44013143811
11973887645,-0.901457419667
11973887646,-0.867800376714
11973887647,-0.900793347553
11973887648,-0.900800259446
11938773784,2.0497462801
11950524360.0,-0.70683733476
14946830281.0,-1.28690009699
11938819680.0,-0.706982576373
11950524362,-0.702684839052
14946922440,-0.700736712048
14946876363,204.501916232
17931523860,-0.70018440257
11950478284.0,-1.68751774218
14946876185,112.913059415
11962228685.0,-0.706498539313
11950478286.0,1.12702240815
14935125601.0,-1.34698123212
11950478287.0,-0.894071042731
11950478288.0,35.7655177173
14958535320,-1.25894858767
11938819682,-0.705773028039
14946876187,231.133271244
11938819683,17.1109626638
14935125780.0,-0.706885745726
11950524181,-0.702997942494
14935125782,-1.36676972148
14935125783,-0.699776418689
14935125784,15.3527167372
11950524185,-0.7013855618
11950524186,-0.701097119248
11950524187,-0.700352456418
11950524188,-0.673211575914
14946830640,-0.705555501952
14946830641,-0.702660759229
14958534962,29.9343397578
17931523861,3.89565951719
14935171500.0,-0.707152057967
17908206480,-0.696926350024
11973887820,-0.705483006307
11973887821,-0.704661844821
11973887822,-0.702420000728
14935125605,1.51035751203
14935171501,247.061736707
14935217583,-0.662912174995
11997342720,-0.701866530199
11985638401,-0.70213118585
17908160400,-0.88239472125
17908160401,77.0384021729
17908160402,0.563071589237
17908160403,21.2026049356
17908160404,0.504991873259
17908160405,-0.698697465165
17908160406,-1.4278715493
17908160407,21.8714971156
17908160408,-0.696950257815
17931569760,-39.7488323811
14970239642,-1.27533689458
11962228861,-0.704758408588
14935171504,17.8861415871
14946830460.0,-0.706740521541
14935217400,-0.701073087055
14981944500,-0.702107122636
14935125602.0,-1.21543463271
11962228680,74.2574123938
14946922441,-0.700496530666
14935125962,-0.126673108769
11950524363,208.103542003
14946830284,-1.28499395776
14946830285,-0.704830839017
14946830286,-0.700160397758
14946830287,-1.17349450464
11973933721,-0.702275580293
14935217401,127.523429142
11985592140,-0.705362194729
14935171506,10.4435294
