100,  -1
200,  -1
300,  -1
400,  -1
500,  -1
600,  -1
700,  -1
800,  -0.27
900,  0.09
1000,  -0.47
1100,  -2.43
1200,  -0.23
1300,  -0.44
1400,  -0.23
1500,  -0.9
1600,  0.14
1700,  2.29
1800,  1.35
1900,  -1
2000,  -1
2100,  1.07
2200,  0.7
2300,  -0.43
2400,  0.72
2500,  0.27
2600,  0.1
2700,  0.18
2800,  -1
2900,  -0.47
3000,  -0.47
3100,  -1
3200,  -2.79
3300,  0.14
3400,  -0.47
100,  -1
200,  -1
300,  -1
400,  -0.98
500,  -1
600,  -1
700,  -1
800,  -1
900,  -1.63
1000,  0.01
1100,  -2.12
1200,  -1
1300,  -0.47
1400,  -0.41
1500,  -0.47
1600,  -2.02
1700,  -1
1800,  0.34
1900,  -1.51
2000,  -1
2100,  -1.31
2200,  0.46
2300,  -0.9
2400,  -1.06
2500,  -1
2600,  -0.94
2700,  -0.92
2800,  -0.47
2900,  -0.58
3000,  0.24
3100,  0.06
3200,  -0.9
