11985592320,-1.44039049997
11985592321,-1.44035856705
11985592322,-1.44035831514
11985592323,-0.908014207222
11985592324,-1.59381434682
11985592325,-0.908018713288
11985592326,-0.908031517239
11985592327,-0.908024715642
11985592328,-0.908020385189
14993740983,-0.661631577753
20904558660,-0.685368068263
20904558661,-0.855102633153
20904558662,-0.676279518253
20904558663,-0.63124531732
20904558664,-1.12996540923
20904558665,-38.0984041646
20904558666,-1.00633813909
11962228860,-0.70579720123
11962228861,-0.704806694817
11962228862,-0.703552193955
11962228863,-0.6989850437
11962228864,-0.698098675622
11962228865,-0.695708003257
11962228866,-0.863827776094
11962228867,-0.690971849006
11962228868,-0.862228835097
11985592500,-1.26219720716
11985592501,-1.26228267069
11985592502,-1.36983722395
14993694903,-0.669486024335
11985592504,-1.56532230506
11985592505,-0.702275580293
14993694906,-0.6602847024
11985592507,-0.68452034132
11962229042,-0.862720075488
11950478287,-0.90963682005
11985638045,-0.691850302033
11962229040,-0.705072320867
14970331441,-0.858440926804
14970331442,-0.680997983868
14958534963,-0.697285042201
14958534964,-1.40651987702
11962229045,-0.704975719434
14958534966,-0.695206872605
14958534967,-0.69442001916
11962229048,-0.860064124368
14946830640,-0.706353384818
14993695080,-0.895959213081
14993695081,-0.906348310354
14993695082,-1.38382341206
14993695083,-0.896475552415
14993695084,-1.38332532903
14993695085,-1.38332481274
14993695086,-0.896376597452
14993695087,-0.896372048595
14993695088,-1.37785434276
14935171500,-0.705458842541
14935171501,-1.42570306403
14935171502,-0.696496132418
14935171503,-1.3825869845
14935171504,-1.40081501769
14935171505,-0.692705949491
14935171506,-0.895831809771
14935171507,-0.698649545474
14935171508,-0.862320274634
14970331620,-0.695254585733
14958535141,-1.69872539717
14958535142,-1.72678194441
14958535143,-0.695373881078
14958535144,-1.40141651071
14958535145,-0.690094370507
14958535146,-0.68768041318
14958535147,-0.686806586093
14958535148,-1.23331579143
17919910987,3.4019627532
14923421100,-0.707370015176
14935217581,-0.694563025489
14935217582,-0.692111651833
14923421103,-1.42669309485
14923421104,-1.41850786242
14935217585,-0.683039020384
14923421106,-1.41670000106
14923421107,-0.865708733595
14935217588,-1.34810713503
14993694902,-0.679920966118
14935171680,-0.700136393666
14935171681,-0.699680452716
14935171682,-0.699056954511
14935171683,-0.696209449716
14935171684,-0.694825270621
14935171685,-0.694801426579
14935171686,-0.69427703857
14935171687,-0.86164688025
14935171688,-0.861451206461
17978434380,-0.660467189889
11962228680,-0.706595323493
11938773780,-0.707684946165
14946876181,-0.697045896149
14946876182,-0.695755746453
11938773783,-0.705217244754
11938773784,-1.72555870789
11962228681,-0.70473426656
14946876185,-0.688200446045
17966637720,-1.38998954005
14970331801,-0.686476201668
17966637722,-0.680342230852
17966637723,-0.679616860807
14970331804,-0.680389052088
14946876186,-0.685085390884
17966637726,-1.16610157731
14970331807,-0.667618471305
14958535328,-0.85975685539
14946876187,-0.682827631558
14946876188,-0.677864721049
11962228682,-0.698769350094
11962228683,-0.86466408351
17943228540,-0.684896995824
17943228541,-0.687704043593
17955025022,-0.648112384726
17943228547,-0.852860059716
17943274260,-0.681232314896
14935171861,-0.699200795551
17943274262,-0.673861336753
17943274263,-0.661311764453
14935171864,-0.690426274859
14935171865,-0.688295034355
14935171866,-0.688176800741
14935171867,-0.68381460123
17943274268,-0.647282453125
17955025200,-0.669878556407
17966637900,-0.68645260809
17978434381,-0.658871908351
17966637902,-0.667987011086
17966637903,-0.667664529104
17966637904,-0.661585881915
17966637905,-0.660763825483
17966637906,-0.648157272142
17966637907,-0.648067500002
14958581220,-1.4094177723
14958581221,-0.691826547237
14958581222,-0.687420525426
14958581223,-0.680670038507
14958581224,-0.68983368629
14958581225,-0.679476544506
17978388480,-0.669047548856
20951331123,-0.658689803678
17919910800,-1.35901730204
17919910801,-0.68421444263
17919910802,4.13754651553
17919910803,5.33426829463
17919910804,-1.64178960244
17919910805,3.20146468219
17919910806,5.43235897069
17919910807,12.748263418
17919910808,2.95797518295
17943274440,-0.673559594201
14970239820,-0.70379329216
17943274442,-0.669139838715
17943274443,-0.660033853603
17943274444,-0.659327361286
17943274445,-0.659304582149
17943274446,-0.658553253851
14970239821,-0.703238874401
14982036302,-0.662546070515
14982036303,-0.662340213956
14970239824,-1.39419944076
14982036305,-0.648045058651
17966638080,-0.681490160234
17966638081,-0.667894859556
17966638082,-1.19230190719
17966638083,-0.661494498463
17966638084,-1.30787400543
17966638085,-1.30756304606
14993694900,-0.681583943274
14993694901,-0.855136131083
17919910980,-0.691232908873
17919910981,-0.690639715565
17919910982,-0.858789958356
17908114503,-1.0999690111
17908114504,-1.37336499741
17908114505,-0.683438466143
17919910986,-0.161465777073
11985592503,-0.686688575726
17908114508,-0.658393976782
14993694904,-0.661471654313
14993694905,-0.660558450058
11985592506,-0.686641376536
17943274620,-0.679172612483
17943274621,-0.314618093692
17943274622,-0.668955270071
17943274623,-42.0113637024
17943274624,-0.659281803695
17943274625,-0.659213472432
17943274626,-0.653495545347
14935125786,-0.69702198549
17908114680,-0.863060410804
17908114681,-0.700808780514
20916217082,-0.676023392117
17908114683,-0.692349317412
17919911164,-0.670687341297
17908114685,-0.688318683206
17908114686,-0.685768702122
20916217087,-0.456958177352
17919911168,-1.16443781929
17931523686,-0.683720550532
17931615840,-0.851148218324
17919819361,-0.693372092238
14946922083,-0.688957470431
17908206480,-0.696639512475
14935125600,-0.707176272528
17908206481,-0.690497415358
12009047400,-0.86637734442
12009047401,-0.681654287939
12009047402,-0.680037961283
12009047403,-0.404802538402
12009047404,-0.670479286924
12009047405,-0.668886068249
12009047406,-1.39150520845
12009047407,-0.662363084162
12009047408,-0.662111549623
20904512403,4.15772968588
17931615842,-0.670063346662
20904512404,-42.2188974189
20904512405,4.24073794177
17931615843,-0.6628206324
20916217260,-0.681349506774
20916217261,-0.677748051841
20916217262,-0.677421471145
20916217263,-0.671219291085
20916217264,-0.67103422344
20916217265,-0.66012506177
20916217266,7.27310115896
17919819365,-0.684967638673
11973887460,-0.706643719938
11973887461,-1.39714037696
14970240000,-0.702949764785
11973887463,-0.699584498258
11973887464,-1.41008262771
11973887465,-1.25910428949
11973887466,-0.694610699985
11973887467,-1.41951517331
11973887468,-0.862326680802
20927921766,5.99170500641
14946922084,-0.688153156146
17978342401,-0.678448329662
12009047580,-0.701890586195
12009047581,-0.697619967224
12009047582,-0.689502030769
12009047583,-0.679944363747
12009047584,-0.679733810353
12009047585,-0.668171347323
12009047586,-0.667940933939
12009047587,-0.661860098075
20892853800,-1.65379500118
20892853801,4.0957721753
20892853802,12.0108426556
20892853803,-1.7706260282
20892853804,5.20153762429
20892853805,3.26561330973
20892853806,-1.63711045259
20892853807,6.06094884884
20892853808,-1.71265688132
14982036483,-0.668678500147
11950524000,-0.707442680657
17943320161,-0.68137294726
14935217762,-0.694467685076
14923421283,-0.700040384499
14923421284,-1.41574574576
14982036484,-0.668263532033
14923421285,-0.698146562261
20916217440,-52.1704814265
20916217441,-0.67613980261
20916217442,-0.670641102137
20916217443,-0.659623552268
20916217444,-0.649640068783
20916217446,-39.6294668123
11950524006,-1.38060935044
11950524007,-0.868468491159
11950524008,-0.700352456418
14923421287,-0.696472238251
14923421288,-0.696137795165
17978342405,-0.64793286199
14946922085,-0.685156050689
11973887640,-1.4456209289
11973887641,-1.73602301438
11973887642,-1.44562070869
11973887643,-0.909601424125
11973887644,-1.44530880987
11973887645,-0.908232299904
11973887646,-0.909599256439
11973887647,-0.908169566113
11973887648,-0.90960617518
20892853980,-0.701217291026
20892853981,-0.906198492707
20892853982,-0.850919585064
20892853983,-0.691589038463
20892853984,5.95512559122
20892853985,-0.844797243566
20892853986,-0.94877522183
20892853987,-1.24958483595
20892853988,-0.715945089299
17931523683,-50.4475699224
11950524180,-0.707200487816
11950524181,-0.706038973028
11950524182,-0.7045894296
11950524183,-0.700664650067
11950524184,-0.69970444313
11950524185,-0.699224771575
11950524186,-0.698362087695
11950524187,-0.6964483448
11950524188,-0.864122767738
14946922086,-0.684237969063
14970331440,-0.693491105192
20951331121,-0.667572416269
20951331122,-0.661722977655
14970331443,-0.678121454915
14970331444,-0.66916291291
14970331445,-0.668978338729
17966729521,-0.648291950552
11962229046,-0.690829489022
11962229047,-0.690260305258
11973887820,-0.706280817367
14981990221,-0.684473272218
11973887822,-1.27673070494
14981990223,-0.673629216653
14981990224,-0.670433060247
14981990225,-0.669462940447
14981990226,-0.669001408079
14981990227,-0.667733620985
14981990228,-0.667641499859
17908206482,-1.35181101343
17931523684,-1.24005373052
20927921762,-1.20149666062
17966637725,-1.18536077766
14958626760,-0.690805764849
14958626761,-0.689194189628
14958626762,-0.686759379822
14958626763,-0.686075207082
11950524364,-0.698865206729
14958626765,-0.677934730974
14946830286,-0.69513530828
11950524367,-0.6910667699
14958626768,-0.670086448563
14958627120,-0.69014177688
14981990400,-0.686358240855
14981990401,-1.38378278613
14981990402,-0.679429778018
14981990403,-0.670456173239
14981990404,-0.662271607453
14981990405,-0.662248739991
14981990406,-0.661563035024
14981990407,-0.658803613977
17978342402,-45.6827954602
14970240003,-0.68732604205
14970240004,-0.869771830662
14970240005,-0.856142804371
14982036486,-0.648224608317
11950524360,-0.706934159597
14958627122,-0.68055294854
14946830643,-1.42082799865
17954933044,-0.680716879412
14946830460,-0.70683733476
14946830461,-1.28278806806
14946830462,-1.28323600156
14946830463,-0.699176820246
14946830464,-1.41167574722
14946830465,-0.695564790854
14958626946,-0.671103618602
14958626947,-0.669994045119
14946830468,-1.40970104341
14958627125,-0.673814907162
17954933046,-0.670109551156
14981990580,-0.68477927187
14981990581,-0.678728617305
14981990582,-0.678611818524
14981990583,-0.668863002359
14981990584,-1.19844838785
14981990585,-1.30956952148
14981990586,-0.660741003253
14981990587,-0.660535633989
14981990588,-1.28497222316
14958627127,-0.670178863095
14958627128,-0.669901652764
14923467000,-1.71194819742
14923467001,-1.46669129985
14923467002,-0.900997968817
14923467003,-1.43997631024
14923467004,-1.43997609376
14923467005,-1.43637034196
14923467006,-1.70789444515
14923467007,-1.45643169681
14923467008,-0.900959503691
11973887462,-1.39311939371
17966729520,-0.668563208748
14958627121,-0.682123414198
17954933042,-1.23341480501
14958627123,-0.678214833691
14946830644,-1.40392640526
14946830645,-0.694110260406
14958627126,-0.853011473896
17954933047,-0.670017144941
14946830648,-1.41090126532
11950524362,-0.706377575419
14923467180,-0.70528971648
14923467181,-0.700520545562
14923467182,-0.699824405994
14923467183,-0.696520027302
14923467184,-0.694300866881
17931569585,-0.6711961552
17931569586,-0.670987963468
14923467187,-0.683414963694
17931569588,-0.661288925785
17954933220,-0.689075821153
17966729701,-0.653857304597
17954933222,-0.558667955845
17954933223,-0.677981407758
17954933224,-0.669209063377
17954933225,-1.19485604458
17954933226,-0.667549389788
17931523680,-0.691707783944
20927967660,-44.0434979147
20927967661,12.2560518542
14935217761,-0.691137968045
17919865265,-0.67117302001
17931523682,-1.25150028743
20927967668,-0.662797748468
17966683985,-1.15578319543
17943320163,-45.7391420995
17931569760,-0.683861630811
17931569761,-0.682992040157
17931569762,-0.856130293092
17931569763,-0.671011093107
17931569764,-0.660946427974
17931569765,-0.660923600266
17931569766,-0.677818051266
17931569767,-0.660170669958
17943320164,-0.671080486187
17931523860,-1.25045482964
17931523861,-0.691019308029
17931523862,-1.41094475659
17931523863,-40.3292239095
14935217765,-0.677538091363
17931523864,-0.683932180475
17931523865,-1.22036375658
17954933400,-1.21820386585
17954933401,-0.686216711232
17954933402,-0.668932202105
17954933403,-0.667756652993
17954933404,-0.662294475601
17954933405,-0.661700126651
17954933406,-0.680529532654
17954933407,-0.65392515379
17954933408,-0.648247055055
11985638400,-0.702684839052
14923421286,-0.69656781922
14993740801,-0.668010050696
14935217767,0.102120675722
17908206300,-0.701289402745
17908206301,-0.839717998695
17908206302,-0.698481849193
17908206303,-1.10650215884
17908206304,2.47035599775
17908206305,-0.691612786135
17908206306,-1.2495258268
17908206307,-1.24729397748
17908206308,-1.24656424413
20939672700,-0.658712564372
17954978941,-0.678191487947
17954978942,-0.669393692937
11950478100,-0.70785457527
14946876543,-0.690355140762
14981944323,-0.694658377342
17954978944,-0.659350141107
17954978945,-0.659236248837
17954978946,-0.658667043667
17954978947,-0.65360857646
17931569940,-0.856577055467
17931569941,-0.671149885513
17931569942,-0.660900773243
17931569943,-0.660102258702
17931569944,-0.660056654619
17931569945,-39.0051193095
17931569946,-0.676186371697
17931569947,-0.653699013559
14993740804,-0.660718181708
14993740805,-0.660626902372
20963035980,-0.658849142877
14958535140,-0.703937985804
14970331621,-0.689099493427
14970331622,-0.686240297734
14970331623,-0.682898088159
14970331624,-0.682029566427
14970331625,-0.667710589667
14970331626,-0.65399300909
14970331627,-0.678962267431
14970331628,-0.660855121251
20904512400,-0.701193255228
20904512401,-0.696615614006
20904512402,-0.691209172598
17908206483,-0.687940386711
17908206484,-0.685485880542
17908206485,-0.685391629305
17908206486,-0.683673529415
17908206487,-0.673281167044
17908206488,8.07743766784
20951377020,-0.647327290745
14981990220,-0.687515020141
11973887821,-0.703479878597
14981990222,-0.422597834969
11973887823,-0.701457688665
11973887824,-1.38224459163
11973887825,-0.694086437813
11973887826,-0.691945328346
11973887827,-0.690070668387
11973887828,-1.38809806554
11997342720,-0.70254037095
11997342721,-0.701818420372
11997342722,-0.687349661831
11997342723,-0.686617778002
11997342724,2.60633263818
11997342725,-0.857718682298
11997342726,-0.857786290805
11997342727,-0.686263884942
11997342728,-0.857896619391
14935125964,-0.705120625931
20904512580,-0.690615997085
20904512581,-0.690473701147
20904512582,-1.37007569946
20904512583,-0.975148916637
20904512584,-0.0588621296409
20904512585,-1.40731272734
20904512586,-0.750467179184
20904512587,-0.306485092531
20904512588,-1.1468155429
11962182780,-0.707491127945
11962182781,-1.7256329548
11962182782,-1.41481565721
11962182783,-0.699560511443
11962182784,-1.41252892062
11962182785,-0.698721426089
11962182786,-0.697261124368
11962182787,-0.700688670007
14958534960,-1.28259994927
11997342900,-0.701626009928
11997342901,-0.702155249786
11997342902,-0.689620463179
11997342903,-0.684496806416
11997342904,-0.680154973997
11997342905,-0.678751979163
11997342906,-0.67833157292
11997342907,-0.66879380884
11997342908,-0.668701560502
12009001505,-0.679874172966
14958534961,-1.28279395824
14958534962,-1.39643110496
20904512760,-0.688815472997
20904512761,-0.68395569844
20904512762,-0.681138574049
20904512763,-0.676768721094
20904512764,-0.673954204292
20904512765,-0.65941848467
20904512766,9.00873368268
20904512767,-0.842788993531
20904512768,-0.843273163673
11962229043,-0.694181732473
20939626443,-0.647304871598
11962229044,-0.693610135999
11962182960,-1.44645564993
11962182961,-1.44728804268
11962182962,-1.4472879368
11962182963,-0.908219750996
11962182964,-1.44697450651
11962182965,-0.909619721693
11962182966,-0.90821469431
11962182967,-0.908229150326
11962182968,-0.908218799901
14958534965,-0.695469330239
14970331446,-0.681396388448
14993649000,-1.27532980217
14993649001,-1.27505135111
11997343082,-0.68940729763
11997343083,-0.681607390792
11997343084,-0.680295412425
11997343085,-0.669532194189
11997343086,-0.661403125976
11997343087,-0.647775814935
14970331447,-0.667526363997
20951331481,-0.647506668128
14958534968,-1.23750901027
11938819500,-0.707297356234
11938819501,-1.4667052918
11938819502,-0.868534593962
11938819503,-0.700976965494
11938819504,-1.27199189249
11938819505,-0.699848400726
11938819506,-1.27113491973
11938819507,-0.691660283614
14923513080,-0.867518092552
17931615481,-0.675953554202
17919819002,-0.698433942438
14923513083,-0.692301778592
11962183140,-0.706764723756
14970285541,-0.695397742294
11962183142,-1.28016793525
11962183143,-0.699608485793
14970285544,-0.679593473003
14970285545,-0.679009005868
14970285546,-0.677958069016
14970285547,-0.673606008473
14970285548,-0.670386836344
17931615485,-0.677794717424
14923513086,-0.685297389378
14923513087,2.81057950231
14923421280,-0.707248920572
14993649180,-0.701986817396
14993649181,-1.26755724536
14993649182,-1.36903902769
14993649183,-0.678705256147
14993649184,-1.09792720534
14993649185,-1.28643928893
14993649186,-0.983883196822
14993649187,-0.668194392463
17978388300,-0.569095654718
14946830280,-0.707975760727
17919819001,-0.699368642824
14982036127,-0.648134828097
14946922080,-0.694372356104
14946922081,-0.693681563054
14946922082,-0.6933958934
14935125603,-1.4240695763
11938819684,-0.865299825692
11938819685,-0.699968385185
11938819686,-0.699512539971
14935125607,-0.691684033423
14935125608,-0.68308600343
14935125968,-0.863771690819
17978388301,-0.661608729491
14970285720,-0.69002326628
14970285721,-0.68980999199
14970285722,-1.2925872336
14970285723,-0.670409947949
14970285724,-0.669347531393
14970285725,-0.669324451659
14970285726,-0.669185987797
14970285727,-0.69527844337
14970285728,-0.668609323232
17931524040,-0.694443851761
20939626441,-1.1964423916
11938819680,-0.707127844131
14946830281,-1.28713615441
17931524042,-0.686735777749
17978388303,-0.659054056734
14946830283,-0.705773028039
14958626764,-0.6795466995
14946830285,-0.695898993231
11950524366,-0.693419695277
11938819681,-0.70700678585
14946830287,-0.695016048717
11950524368,-0.681279189538
11938819682,-0.90086540482
11938819683,-0.705483006307
14946922260,-0.691731535177
14935125781,-1.28596255712
14946922262,-0.690948120563
14946922263,-0.684073298851
14946922264,-0.68388514666
14946922265,-0.676209657288
14946922266,-0.675976832808
14946922267,-0.848733539906
14946922268,-0.683791087497
14935125604,-1.41920244259
14970285900,-0.694682217094
14970285901,-0.687137109306
17978388302,-0.660353130076
14935125605,-0.700112390294
14970285904,-0.679453160911
14970285905,-0.678635176879
14970285906,-0.669439857251
14970285907,-0.85103335163
14970285908,-0.852346249976
14935125606,-1.41773717962
11938819687,-0.683062511555
17978434200,-0.661745829345
17966637721,-0.684567413247
14970331802,-0.681513604939
14970331803,-0.680763723127
17966637724,-0.268395750973
14970331805,-0.670594865752
20927922122,-0.653947771545
14970331806,-0.668586265645
14958535327,-0.86008357021
14935125960,-1.28298403721
14935125961,-1.4135250846
17943228362,-0.689904773454
14946922443,-0.681255751865
14946922444,-0.670248181272
17943228365,-43.2756048244
14946922446,-0.690710875274
17943228367,-49.0947234836
17943228368,-0.854627708864
17943228720,-0.687609526197
20927922124,-0.648426653205
17919819004,-1.37921590549
11985638402,-0.697763549587
17978388481,-0.847205636933
17978388482,-1.35333745653
17978388483,-0.785198243744
17978388484,-1.3531253722
17978388485,-1.35312494971
17978388486,-0.845607365136
17978388487,-0.847967040809
17978388488,-1.36217957199
20927922125,-0.648336848742
17919864900,-1.06913568108
17919864901,-0.703209503312
17919864902,-0.685792275183
17919864903,-1.2466181251
17919864904,-1.35658084643
17919864905,-0.683320960949
17919864906,-1.35599912513
17919864907,-1.19500059809
17919864908,-0.673304365479
11997343080,-0.702083060145
11997343081,-0.702010877
17955025020,-0.678938899264
17955025021,-0.670155758423
17943228542,-1.23415399744
17943228543,-0.684285024047
17943228544,-0.679242740122
17943228545,-0.678168142902
17943228546,-0.676116519114
14993649003,-0.684755729198
17943228548,-0.85300042335
14993649004,-1.30742768022
14993649005,-0.0261673947947
14993649006,8.52957288317
17931615667,1.09046168785
17919865080,-0.688720822239
17919865081,-1.36410011152
17919865082,-0.684991187702
17919865083,-0.683344460578
17919865084,-0.683367960911
17919865085,-0.683226969483
17919865086,-0.340420836226
17919865087,6.25855052699
17919865088,-0.649505147738
14970240001,-1.27472138334
20951331120,-0.669855460743
17943228721,-0.680974554631
17943228722,-0.681912272549
17943228723,-0.679032376138
17943228724,-0.669370611819
17943228725,-0.669116765212
17943228726,-0.662683339102
17943228727,-0.846860047432
17943228728,-0.670617983598
17931615846,-61.4297931157
20916262980,-21.0872858085
14970240002,-1.36605774176
20916262981,-0.500953585117
20916262982,-0.657484463469
20916262983,-38.4523234804
17919865260,-0.685980885132
17919865261,-0.685132496714
17919865262,-0.684143867565
17919865263,-0.683203473379
17919865264,-0.683015529918
20916262984,-0.410084588772
17919865266,9.42517567365
17919865267,-0.772822167347
17919865268,-0.68224073975
20916262985,-0.522748707016
20916262986,-1.12016031164
20916262987,-1.1825447722
17908160588,-0.853351270416
20951331300,-0.653834689557
20951331301,-0.64817971686
20951331304,-0.660809471998
17919819180,-0.700232414354
17931615661,-0.660147865522
17931615662,-0.659646340974
17931615663,-0.655929563047
12009001500,-0.702203379823
12009001501,-1.26807742239
12009001502,-1.3702022978
12009001503,-0.689288897192
12009001504,-1.38870238363
17931615664,-1.16451663134
12009001506,-1.22111731814
17931615665,-0.648471559478
17931615666,-0.676069954219
17943320160,-0.690687154659
20927967840,-0.660992085444
20927967841,-0.658598767729
20927967842,-0.843593464192
20927967843,0.124250549448
20927967844,-0.661014915207
14935171860,-0.865318293184
17943274261,-0.678098111971
14935171862,-0.694777583251
14935171863,-0.692658389275
17943274264,-0.660193475078
17943274265,-0.660079456318
11985638040,-0.703190682237
11985638041,-0.70239592885
11985638042,-0.701577914531
11985638043,-0.862557736512
11985638044,-0.691921570698
17943274266,-0.660011053271
11985638046,-0.689217865453
11985638047,-0.68442620594
11985638048,-0.678238180136
17943274267,-63.082237826
20963035805,-0.660444376557
14923421281,-1.28649552333
12009001680,-1.43644700394
12009001681,-1.42961899025
12009001682,-1.42961859257
12009001683,-0.907891698258
12009001684,-1.70461879411
12009001685,-1.72518273426
12009001686,-1.24477545867
12009001687,-0.907824852092
12009001688,-1.43240434946
20892807900,-1.35696253867
20892807901,-0.692848647264
20892807902,-0.692373087891
20892807903,-1.24489518666
20892807904,-1.15358631068
20892807905,-0.924698581707
20892807906,-1.37394036675
20892807907,-1.33915473536
20892807908,2.82206981584
14958626940,-0.69023659816
14958626941,-0.859725422051
14958626942,-0.67905574711
14958626943,-0.673884552593
14958626944,-0.673582800989
14958626945,-0.679195987662
14946830466,-0.693348291789
14946830467,-0.690995578162
20927968020,-77.5533377627
11950478101,-1.28571401855
11950478102,-1.42394502674
11950478103,-1.4223189477
11950478104,-1.40124898554
11950478105,-0.700760734149
11950478106,-1.41978324674
11950478107,-0.699872396178
11950478108,-0.865171896881
11985638220,-0.86436803331
11985638221,-0.703262971567
11985638222,-0.701698158433
11985638223,-0.697332880021
11985638224,-0.690046966978
11985638225,-0.68716072342
11985638226,-0.684332081854
11985638227,-0.682053027314
11985638228,-0.681537050347
14970285540,-0.697308960752
11962183141,-0.704517020896
14970285542,-0.686594180177
14970285543,-1.22459752678
11962183144,-1.40835213205
11962229041,-0.703962103944
11962183145,-0.696018385243
11962183146,-0.695827366619
11962183147,-0.695540924626
11962183148,-0.864396786787
20892808080,-0.698457895457
20892808081,-1.40750700592
20892808082,-0.685226716853
20892808083,-0.68350897772
20892808084,3.57789918233
20892808085,-1.02250135098
20892808086,11.3045903164
11950524001,-0.868421433806
20892808088,-0.851728713646
11950524002,-0.700064385711
14958626948,-0.668378778477
11950478280,-1.4482220735
11950478281,-1.44822197482
11950478282,-1.44822187758
11950478283,-1.47596174458
11950478284,-1.44882107286
11950478285,-0.908270146482
11950478286,-0.909620518997
17966637901,-1.19540468403
11950478288,-0.908281488256
11950524003,-1.27081765623
14923421282,-1.39871480087
11950524004,-1.27042368104
14993740800,-0.679640249313
11985638401,-1.38871408935
14981944322,-1.3848056262
11985638403,-0.687538645592
14981944324,-1.38794868054
14981944325,-0.686334650815
11985638406,-0.684708645973
14981944327,-0.681560496459
14981944328,-0.678518392113
11950524005,-0.696543922903
17943320520,-0.668447934642
17954933040,-0.695230728811
17931524041,-0.690924392831
20939626442,-45.2130626841
14958580860,-0.695922870201
11950478461,-1.58173391489
11950478462,-1.28265087736
14958580863,-0.688224092058
11950478464,-1.39145156413
11950478465,-0.699632474048
14958580866,-0.684261496202
11950478467,-0.698122618583
14958580868,-0.85587333665
17943320523,-0.653766848505
14981944500,-0.70213118585
14981944501,-0.702588524095
14993740982,-0.661837242958
14981944503,-0.686193125438
14981944504,-1.37588071437
14981944505,-1.3829272879
14981944506,-1.2207465016
14981944507,-0.852384603637
14981944508,-0.853795402857
14993649188,-1.31646971422
17954933041,-0.690118073338
14935217400,-0.699488555315
14935217401,-0.698338137551
14935217402,-0.694253210974
14935217403,-1.25175112177
14935217404,-1.2506876263
14935217405,-0.685745129768
14935217406,-1.35932853805
14935217407,-0.701313441427
14935217408,-32.5044762045
17943320165,-0.658644284338
14958581040,-0.695493194319
14958581041,-0.860946579229
14958581042,-0.691897813764
14958581043,-0.688247738781
14958581044,-0.681091707843
14958581045,-0.680693458608
14958581046,-0.679570085901
14958581047,-0.679219363541
14981944680,-0.697739617398
14981944681,-1.25445142103
14981944682,-1.35485317361
14981944683,-0.679897569191
14981944684,-1.37931326259
14981944685,-0.259391726353
14981944686,-0.668909134831
14981944687,-0.667963972167
14981944688,-1.3753895424
20892808087,3.06949121316
14935217580,-1.40867387207
14923421101,-1.28696848396
14923421102,-1.28601182014
14935217583,-0.685815848951
14935217584,-0.68339146195
14923421105,-1.42511183623
14935217586,-0.682804147434
14935217587,-0.681185443066
14923421108,-0.864973696383
17943320166,-1.17410396179
17955025203,-0.647349710563
17966683620,-0.680740300918
17966683621,-0.669232139649
17966683622,-0.662317344435
17966683623,-0.661357443844
17966683624,-0.659031285795
17966683625,-0.659167921674
14958581226,-0.678144798558
14958581227,-0.678985636299
20951331480,-0.647955299976
20939672340,-0.653744236178
20927921764,-0.660969256367
20916217080,-47.1119766811
17919819360,-0.695039899199
20927921761,-0.673420368093
14935125602,-1.70769158694
20927921763,-0.664103228903
17919819364,-0.685203160758
20916217081,-0.677654729074
17931615845,-50.6774438741
14935217760,-0.694968349901
17931523681,-0.861309320157
17943320162,-0.676163086804
14935217763,-0.685910151096
14935217764,-0.677841385807
17931523685,-0.683838115668
14935217766,-0.674000642241
17931523687,-0.681208878629
14935217768,-0.662843517019
14946922087,-0.684002736488
17919819368,-0.687751306544
17908114682,-0.694229384092
17919911163,-21.557786962
17966683800,-0.680365641119
17966683801,-0.660786648398
17966683802,-0.660695360847
17966683803,-0.669255216613
17966683804,-0.659122373648
17966683805,-0.65909960066
17966683806,-0.658758087809
17966683807,-0.653879920316
17908114684,-0.691185437035
17943274441,-0.67022507452
14946922440,-1.39164605802
17919911161,-0.677444793789
20916217085,-1.14197516996
17943274447,-0.649617580256
14970331800,-0.686901007132
14958535321,-1.27737561472
17908114687,-0.664194925417
17943320340,-0.673443570705
17943320341,-0.669970945991
17943320342,-0.669739992816
17943320343,-0.667503338897
17943320344,-0.653676403267
17943320345,-0.653585968881
17931523866,-0.6777247201
17931523867,-0.673397166178
11973933360,-0.706111518712
14958535322,-1.27108523776
14946830641,-1.28085467006
14946830642,-1.38685702049
14935125601,-1.28760840438
17954933043,-0.681982646765
14958627124,-0.678028087343
17954933045,-0.679149238006
17966729525,-0.658735325749
11973933720,-0.703889751695
14958535323,-0.691992845778
14946830646,-0.692064127273
14946830647,-0.689881077022
17966683980,-0.670571748599
17966683981,-0.66060408425
17966683982,-0.66042156391
17966683983,-0.659076828355
17966683984,-1.17318522755
17954933048,-1.19797661298
14946922441,-0.687727674714
14958535324,-1.38941429873
14970331448,-0.847256438698
14958535325,-0.686712176383
17908160400,-0.955113181297
17908160401,-0.907481911687
17908160402,-0.907493690446
17908160403,-1.42542751751
17908160404,-1.42542718527
17908160405,4.27878797697
17908160406,3.90370868713
17908160407,-1.01844761281
17908160408,-0.907708750466
14958535326,-0.691874057542
20939626440,-1.38816959659
17943320521,-0.668355727805
17943320522,-0.662637580161
17931524043,-11.5271278167
17931524044,-0.681115140594
17931524045,-0.679499928802
17931524046,-0.6773981492
17931524047,-0.67390776913
17931524048,-0.673838121609
11973933721,-0.703817405959
14946922442,-0.859788185828
14981944320,-0.702733000865
14981944321,-1.27679210157
14993740802,-0.667917896402
14993740803,-0.661380284567
11985638404,-0.686381831602
11985638405,-0.684802815248
14981944326,-0.862184313788
11985638407,-0.684614487998
11985638408,-0.854908152235
17908160580,-0.699392623883
17908160581,-1.36773615865
17908160582,-0.688602524762
17908160583,-0.685721558121
17908160584,-0.685014737438
17908160585,1.97562915263
17908160586,23.2572307088
17908160587,4.31406506078
20916262988,-0.255541748326
20927968023,-0.65356336198
20939626620,-0.670132654443
20939626621,-0.668332677825
20939626622,-0.648269502467
11997296820,-1.39326989205
11997296821,-1.37850825478
11997296822,-1.38955694037
11997296823,-0.686971830347
11997296824,-1.37852821728
11997296825,-0.686664975777
11997296826,-0.686169540352
11997296827,-0.703287069456
11997296828,-0.684732187233
14958535320,-1.27678213705
17955024844,-0.0751110381706
17943228360,-0.693467301173
20916263160,9.70718635005
20916263161,-0.848362302982
20916263162,-0.848308847138
20916263163,-0.833113628455
20916263164,-1.36399838602
20916263165,-0.84907080355
20916263166,-1.36500555544
20916263167,-1.3650055527
20916263168,-1.36500555133
11973933723,-0.695421604227
17943228361,-0.690212891773
14935125962,-1.41208394866
11973933361,-0.704879129592
11973933362,-0.698002910964
11973933363,-0.697069807526
11973933364,-0.695803492514
11973933365,-0.861977185057
11973933366,-0.688981139155
11973933367,-0.691755287123
11973933368,-0.687656783477
17955024843,-0.653472941158
11997297000,-1.43410863445
11997297001,-1.43410834984
11997297002,-1.43410806665
11997297003,-0.907911430026
11997297004,-1.43384029982
11997297005,-0.907902345042
11997297006,-1.42469749998
11997297007,-0.907871696793
11997297008,-0.907774510096
17978434201,-0.648202162252
14935125965,-0.697141545961
17908114500,-1.27246874344
17908114501,-0.698314188125
17908114502,-0.696591716255
14935125966,-0.696257223
17919910983,-0.849517262389
20916263340,-0.849403881032
20916263341,-0.662729100789
20916263342,-38.4414237656
20916263343,-38.0972582469
20916263344,-0.658621525692
17919910984,-1.04819824294
17919910985,-0.671265564937
17908114506,-1.34337096642
17908114507,-0.701121152161
14935125967,-0.863488609804
14993649002,-1.36985065658
11973933540,-0.704468752047
11973933541,-0.864409884468
11973933542,-0.864226192927
11973933543,-0.695612525457
11973933544,-0.695517059114
11973933545,-0.689857381301
11973933546,-0.686782982603
11973933547,-0.679079118782
17978434202,-0.647977738635
17931569580,-0.686051625534
17931569581,-0.685886574499
17931569582,-0.684049777357
17931569583,-0.683179977979
11997297180,-0.702877503642
11997297181,-0.702251512747
11997297182,-1.26790976772
11997297183,-0.689691531153
11997297184,-1.36483832984
17931569584,-49.1272022307
11997297186,-0.679850777443
11997297187,-0.853438452634
11997297188,-1.10307440076
14923467185,-0.692682169026
14923467186,-0.69056856226
17931569587,-0.664080306494
14923467188,-0.853125363237
11938773600,-1.44904387282
11938773601,-1.4490438082
11938773602,-1.44904374503
11938773603,-1.44904368332
11938773604,-1.73791660366
11938773605,-0.909928568521
11938773606,-1.44977180514
11938773607,-0.909984836328
11938773608,-0.909927699686
14935125780,-0.706982576373
14946922261,-0.691043038608
14935125782,-1.70385108707
14935125783,-0.700784756971
14935125784,-1.41499541736
14935125785,-0.699656463022
14982036120,-0.68468510542
14982036121,-0.68050611747
14970239642,-1.39476264344
14970239643,-1.24875317072
11973933724,-0.695302301723
14970239645,-1.39012639073
11973933726,-0.860920346676
14970239647,-0.858986234854
14970239648,-1.23804928635
14935125787,-1.25735709389
14935125788,-0.681302627913
11950478460,-0.707612258881
14958580861,-1.41096536908
14958580862,-0.690331430819
11950478463,-0.700712690667
17919819000,-0.705338034588
14958580864,-0.694157907736
14958580865,-0.686122372302
11950478466,-0.698697465165
14958580867,-0.68409682105
14946876180,-0.698961074868
11938773781,-1.28587646317
11938773782,-1.28539503814
14946876183,-1.41935518161
14946876184,-0.69908092622
11938773785,-0.700736712048
11938773786,-0.700088387643
11938773787,-0.699248748318
11938773788,-0.698889172685
14923513082,-0.695063750396
17954979305,-0.658962977078
14982036300,-0.684590950269
14982036301,-0.668770745718
14970239822,-1.27583959693
14970239823,-1.40815194609
14982036304,-0.894817946338
14970239825,-0.684543876931
14970239826,-0.684449738726
14970239827,-0.682076488905
14970239828,-1.20359780208
17919819003,-1.38286908749
17966729700,-0.667595443442
17954933221,-0.855776443252
14946922448,-0.66847098808
17931615484,7.16486197937
14923513085,-0.686004464558
14970239640,-0.704927423064
17919819006,-1.2746597313
14946876360,-0.708
14946876361,-0.698841241492
14946876362,-0.864705503106
14946876363,-0.695779619126
14946876364,-0.690402562782
14946876365,-1.36237232863
14946876366,-1.36035133978
14946876367,-1.35478111861
14946876368,-0.854733106851
14970285902,-0.681724638935
14970285903,-0.680880844713
11973933722,-0.702973853278
17978342400,-0.678541747665
14982036481,-0.669624542208
14982036482,-0.669070620282
17978342403,-0.669024478121
17978342404,-0.658826378085
14982036485,-0.662088686962
14970240006,-1.22195988442
14970240007,-0.856968263563
14970240008,-0.850373458008
14982036124,-0.667802719083
14993740980,-0.678565103917
14993740981,-0.668079173674
11973933725,-0.861165423106
14923512900,-0.701097119248
14923512901,-0.700904881892
14923512902,-0.700832804777
14923512903,-0.698625586706
14923512904,-1.29602025573
14923512905,-0.692777295167
14923512906,-1.30627643524
14923512907,-0.691636534518
14923512908,-0.861385729462
14993740984,-0.660512818604
14993740985,-1.15534642896
14982036126,-0.660261894543
14946876540,-0.696090029047
14946876541,-0.695684132733
14946876542,-0.692016605563
17954978943,-0.661334603806
14946876544,-0.688271386213
14946876545,-0.687444148042
14946876546,-0.686098789339
14946876547,-0.68494409035
14946876548,-0.857673063114
14982036128,-0.841756153247
17978342580,-0.530277516544
17978342581,-0.668217438295
17978342582,-1.20166295834
17978342583,-0.660581266812
17978342584,-1.28449152641
17978342585,-1.31086286221
11997297185,-1.37530770741
20939672341,-0.653540755757
17931615480,-0.67735150741
14923513081,-0.700256421326
17931615482,-38.8000451362
17931615483,-0.659988253624
14923513084,-0.688744483863
17919819005,-0.859511186639
17931615486,13.6722441883
17919819007,-0.836568638018
17919819008,-0.860176429182
17954979120,-0.682006106244
17954979121,-0.6780047472
17954979122,-0.667779685693
17954979123,-0.659259025924
17954979124,-0.65900851554
17954979125,-0.658985745967
17954979126,-0.648404201079
14982036480,-0.678471683111
17955025201,-0.660832296282
17931615660,-39.1939904751
17919819181,-0.694539189313
17919819182,-1.25533563342
17919819183,-0.69272973067
17919819184,-1.41636904264
17919819185,-0.690449987647
17919819186,-1.36356340846
17919819187,-1.3523971175
17919819188,-0.847137533324
17919911160,-0.677678058716
11950524361,-0.70686153988
14970239641,-1.56167811762
17919911162,-0.671543266358
20916217083,-0.67332756461
17954979300,-0.673791693411
17954979301,-0.66768755904
17954979302,-0.661517343298
17954979303,-0.659190696711
17954979304,-0.659145147319
20916217084,-0.282734148467
17954979306,-0.64831439931
17919911165,-0.664149075784
14946830282,-1.28591332622
17919911166,24.7599765348
17919911167,-1.35791568104
11950524363,-0.699104898648
17955025202,-0.647529093328
14946830284,-1.41391067153
11950524365,-0.696113911748
20927921760,-0.683744062148
17931615841,-49.4739877817
17919819362,-0.692087889196
17919819363,-0.688578867396
17931615844,-0.661037745654
20927921765,-0.653721624529
17919819366,-0.68402625657
17919819367,-1.36525516541
20927921768,-0.661060576787
20939626800,-0.66261470172
17943228363,-0.857798050765
14958626767,-0.676093236317
20939626801,-0.648089942027
14946830288,-0.86306309387
14958626766,-0.677374827956
17955024840,-0.670340615214
17955024841,-0.850597996602
17955024842,-0.653970389978
14935125963,-41.0314332831
17943228364,-1.38812673132
14946922445,-0.678845433606
17943228366,-1.21629397227
14946922447,-0.673466774012
20904558300,-1.14755934544
20904558301,-0.989380648651
20904558302,-1.49878055406
20904558303,-0.444616416321
20904558304,-1.31470888785
20904558305,-0.343171047798
20904558306,-0.867919060836
20904558307,15.7680394886
20904558308,-1.44882812807
17954978940,-0.682874601921
20927921940,-0.682193807417
20927921941,-1.1983773654
20927921942,-0.662706219603
20927921943,-0.660216280882
20927921944,-0.658576010449
20927921945,-0.653518150213
20927921947,-0.669763085016
14946922088,-0.856517986743
11985592140,-0.706159886129
11985592141,-1.39318736298
11985592142,-1.39305298418
11985592143,-0.694634538306
11985592144,-1.40210668612
11985592145,-0.691969086705
11985592146,-0.691779039782
11985592147,-0.687255186957
11985592148,-1.41242791176
20904558480,3.94412356998
20904558481,-0.825349132928
20904558482,0.131105887975
20904558483,-1.0470392436
20904558484,3.354319045
20904558485,-0.829428264872
20904558486,1.73430903481
20904558487,3.90073175206
20904558488,-1.35603722754
14982036122,-0.678308223674
14982036123,-0.669416774748
14970239644,-1.39791133307
14982036125,-0.661540188818
14970239646,-1.24020985635
11973933727,-0.86034023419
11973933728,-0.860636243315
20927922120,-0.670040245455
20927922121,-0.669716901309
17943320346,-0.649595092403
20927922123,-0.653631184717
11962228684,-0.696233336
11962228685,-0.695183017114
11962228686,-0.70133748083
11962228687,-0.694586862379
14981944502,-1.38884935315
