11985592320.0,-0.705048169422
11985592321.0,-0.704854983943
11985592322.0,-0.704830839017
11985592323.0,-0.867456437971
11985592324.0,-0.702997942494
11985592325.0,-0.705024018702
11985592326.0,-0.865070358528
11985592327.0,-0.864516226361
11985592328.0,-0.866278563821
14946830641.0,-0.703166587239
20904512407.0,58.8008843928
11950524360.0,15.4209138703
14935125780.0,-0.707103631022
14923513081.0,51.9810677992
20904558660.0,-0.685203160758
20904558661.0,-0.653518150213
17919864902.0,27.3440505072
17908160584.0,37.419779577
17908160585.0,-0.857627502075
17908160586.0,-0.67968702843
17908160587.0,53.3052383456
17908160588.0,8.09020421664
11950478282.0,-1.44922196791
14935217405.0,143.069815195
14935125603.0,36.423512292
11950478283.0,171.42887526
14946876540.0,-0.687066271217
17943228540.0,28.7037555598
14946830461.0,-1.28389430875
11962228862.0,-0.705531336012
14946830463.0,68.1946694091
11962228866.0,-0.702781165567
11938819680.0,152.89395349
11950478285.0,-0.901692788865
11997296820.0,-0.704879129592
14935125781.0,-1.28655539705
17919910987.0,47.889928611
11950524182.0,-0.705676342528
14970239821.0,-1.25668479781
14935125604.0,46.5132495477
11962182782.0,-1.41303422313
14935125960.0,-0.705652172962
17919865080.0,-32.197688864
17919865081.0,78.6383008331
14923467002.0,48.1533223449
14923467003.0,54.1083117634
14923467004.0,53.3563946054
14923467005.0,48.2077415027
14923467006.0,50.2980714486
14923467007.0,50.6814003619
14923467008.0,53.0622476804
17919819188.0,29.6026595225
17943228361.0,2.58231210083
11938773600.0,44.9222377119
17919910980.0,115.289952628
17908206300.0,112.987487076
17908206301.0,111.89633406
14958534960.0,-0.706788926698
11962229041.0,-0.704613567283
14958534962.0,-1.39596013504
14946830643.0,-0.613222854179
14946830644.0,-1.20777659386
14946830645.0,-0.690924392831
17908114680.0,156.500564198
17908206305.0,73.138210897
14935125963.0,78.408302016
17908206307.0,57.2506843678
17908114502.0,-0.865917597433
11997297000.0,-0.704975719434
11997297001.0,-0.704951570887
11997297002.0,-0.704927423064
11997297003.0,-0.704903275966
11997297004.0,-0.700136393666
11997297005.0,-0.700112390294
11997297006.0,-0.699752426116
17931523682.0,53.8841357829
20904558481.0,82.0217719543
14935171861.0,42.7601739379
17908114504.0,103.153903315
17908160580.0,0.379359513419
11938819500.0,36.7092339254
17908160581.0,158.26435141
17919910982.0,-0.613287046162
14946830286.0,118.730995356
11973933362.0,-0.700448503035
14923467180.0,157.191441693
14935171501.0,152.72964118
14923467182.0,25.4966735416
17919865263.0,-0.627616141036
14923467184.0,-0.704106827976
14935171505.0,34.4368750992
14935171506.0,108.129434526
14923467187.0,51.3353354721
14923467188.0,23.0887615799
17919910985.0,-0.653540755757
17919864905.0,110.051844237
11938819501.0,52.8314596139
17919819007.0,0.182193912264
17908114506.0,139.721566379
17908160401.0,158.219033701
17919864907.0,110.921601096
17908114508.0,48.1609600942
14958535140.0,-0.7045894296
14958535141.0,-1.27454176105
11973933542.0,-0.699632474048
14958535143.0,20.6081026307
11962182780.0,40.9061595866
17908114507.0,103.098360026
11938819503.0,34.8873696007
17931523680.0,-18.3462457642
17919819180.0,198.979306319
11962182781.0,44.1165315045
17919819182.0,-0.693134119877
14923421281.0,-1.28616752343
14935171503.0,54.0697808176
14935125606.0,97.3336503391
11997297182.0,-0.700088387643
14923421104.0,91.4723449097
14935217406,127.243301179
12009001507.0,-0.699968385185
14923421105.0,28.3013770684
14923421106.0,50.3010760738
14935171507.0,51.2672788447
14923421282.0,-1.28590157046
14935171508.0,60.6025505843
14935125961.0,-1.2840458038
14935171680.0,-0.704082705495
11938773601.0,105.475223014
11938773602.0,45.7545484931
11938773603.0,43.9881755136
11938773604.0,45.9380837702
11938773605.0,266.10793495
11938773606.0,43.2256137691
11938773607.0,50.6216981435
11938773608.0,45.5943338029
14923421284.0,41.1662733174
11962228680.0,-0.706571126359
14935171860.0,-0.705386355595
17931569580.0,15.7332355811
11950524364.0,325.633669129
11950478101.0,49.9225742523
20892808080.0,219.899588278
11950478102.0,-1.40091665315
11950478103.0,-1.42230923091
11950478104.0,47.6473459271
11950478105.0,-0.700736712048
11985638040.0,-0.702949764785
11985638041.0,-0.690782041388
14970239642.0,-1.27457688169
14970239643.0,29.0729374651
11950478106.0,49.3066803223
14958535326.0,-0.699608485793
11985638047.0,-0.699584498258
20892808081.0,39.2711783736
11950478107.0,30.2990468654
11985638400.0,-0.699872396178
11938773788.0,298.309892957
14981944321.0,-1.26996351474
12009001680.0,-0.700064385711
12009001681.0,-0.700040384499
12009001682.0,-0.700016384008
12009001683.0,-0.699992384236
20892807900.0,93.9000285299
20892807901.0,97.1400641752
20892807902.0,95.5305380829
20892807903.0,117.511274321
20892807904.0,67.5568864684
20892807905.0,317.686551623
20892807906.0,239.90321796
20892807907.0,88.2811454431
17908206308.0,48.4637515888
14958626940.0,-0.699560511443
14935125962.0,-1.37778901726
11950478461.0,-1.28318471258
11938819684.0,53.4586352465
14946830462.0,-1.39578063329
11950478100.0,-0.70785457527
11962182783.0,158.104210908
14923513080.0,52.863685491
14946830466.0,43.3161019377
11950478467.0,-0.706014792584
14946876180.0,-0.699392623883
14946876181.0,-0.690687154659
11938773782.0,72.7896462521
11938773783.0,39.5672988107
11938773784.0,72.0286742339
11938773785.0,18.0532608835
11938773786.0,54.7887255813
11938773787.0,23.2327003874
11950478108.0,171.101749739
17943228720.0,-0.596790143233
11973887821.0,-0.700376466992
14935125608.0,173.443160117
14970239820.0,-0.703022032432
11985638221.0,-0.690853213906
14946876360.0,66.7311189135
14935217761,-0.583314056196
11962183140.0,-0.706740521541
20916217260.0,37.8463456608
11962183141.0,-0.70514477955
14958535142.0,-1.37243882649
14946876361.0,-0.692515725745
11950524000.0,-0.707515352678
17919864900.0,120.689439814
11938819685.0,48.6650859218
17919910800.0,-0.679663638521
17919910801.0,368.946407705
17919910802.0,90.9297551526
17908206483.0,-0.845318708879
17908206484.0,-0.6874913954
20904512405.0,55.5470102396
17908206486.0,-0.662317344435
17919910807.0,0.841107376914
20904512408.0,18.7707606302
14946922080.0,34.8780317888
14935171504.0,61.6001138587
14970239640.0,-1.27784603641
11950478280.0,-1.44922209861
11950478281.0,-1.44922203253
14946876362.0,-0.690948120563
14946876363.0,-0.688791809242
14946876364.0,-0.687113495901
14946876365.0,-0.687089883205
14946876366.0,317.871813797
14946876367.0,28.8573870423
14946876368.0,-0.893999503735
11973887822.0,-1.25495943967
14946922260.0,-0.684143867565
14946922261.0,-0.679570085901
11962182961.0,-1.447063617
14970240000.0,-0.700160397758
11985638401.0,-0.699800411981
14935125782.0,-1.39696265126
14935125783.0,-0.694491519107
11985592500.0,-0.704999868706
17908114500.0,85.7194599133
17908114501.0,120.203128712
14923512902.0,40.1621481244
17908114503.0,76.4338070486
17919910984.0,56.1400598829
14923512905.0,101.217327243
14923512906.0,53.5843108226
20904512587.0,101.521539212
17919910988.0,34.0923657667
14935125784.0,110.249016818
20904512580.0,54.3639651561
14935125785.0,28.3039310147
11950478460.0,-0.707612258881
14946876541.0,-0.60863743941
11950478462.0,-1.39183522123
11950478463.0,-0.699488555315
11950478464.0,48.2265808457
11962182785.0,5.16364484961
11962182787.0,22.4820645351
20904512582.0,-0.618290313614
11962229040.0,-0.706813130366
11997342900.0,-0.699944386853
14946922082,29.7926560481
14958534961.0,-1.28295311803
14981944320.0,-0.699920389242
14935217580.0,-0.332511422126
20904558480.0,-0.687467771366
11962229042.0,-0.700640630848
20916217080.0,61.4244708698
20904512761.0,-0.613265648192
17908114682.0,46.0283789251
14923513083.0,43.7933767877
14935217404.0,155.356220857
14923513085.0,-0.62763796952
14923513086.0,-0.638169456683
14935217407.0,8.9970931904
14935217408.0,88.2277626081
14923421102.0,46.8742747908
11938819681.0,-0.707127844131
11962182960.0,-1.4471004527
14958580860.0,39.2843004224
11962182962.0,-1.44706354304
11962182963.0,-0.901150662336
11962182964.0,-1.44706347053
11962182965.0,-0.901548594599
11962182966.0,41.4489442468
11962182967.0,-0.901513417938
11962182968.0,-0.901438212701
14946922083.0,142.427833181
14923467000.0,50.4381743076
20904512400.0,-0.703841520481
17908206481.0,-0.698577671327
17908206482.0,-0.696233336
20904512403.0,209.62343442
17908160404.0,169.166559078
17908206485.0,-0.685226716853
11985638220.0,-0.700328446565
17908206487.0,121.785527024
17908206488.0,49.1746439285
11950524001.0,-0.706280817367
17919819000.0,29.8772963629
17908114505.0,48.1839464946
14923421100.0,284.188242607
14923421101.0,52.1859997763
11938819502.0,-0.706087336092
14923421103.0,98.3091678607
11938819504.0,52.394330382
11938819505.0,-0.692896218897
11938819506.0,109.855761186
14923421107.0,62.1771472144
14923421108.0,51.642150527
17919865260.0,-0.694539189313
14970239641.0,-1.27447022817
20904512760.0,-0.696209449716
14946830281.0,-1.28743128953
14923467001.0,179.609933721
17919865261.0,-0.664447147573
11973933363.0,-0.690710875274
17919865082.0,31.407216225
14923512900.0,-0.703937985804
11973887460.0,-0.706619521353
11973887461.0,-1.28438102283
11973887462.0,42.4306127926
14923513084.0,52.9676548662
11962183146.0,-0.702877503642
17919819005.0,-6.39938764331
17919819006.0,93.8746296699
17919865262.0,-0.657075538413
14923513087.0,91.05049559
14923512901.0,55.4357289968
17908114688.0,20.5257668367
14923421280.0,-0.707321575155
11950524363.0,-0.699416605662
14946830280.0,-0.707975760727
20892853800.0,0.166271000195
20892853801.0,-0.701097119248
20892853802.0,80.1931088424
20892853803.0,0.355788058438
20892853804.0,0.0257690786039
20892853805.0,-0.62851164608
20892853806.0,0.315218903678
20892853807.0,-0.220008254001
20892853808.0,0.136885600535
14935217581.0,79.2887497251
11938773780.0,102.254503017
14923512903.0,106.959192526
17919911160.0,39.3940304732
14935217760.0,36.759095669
17908206302.0,62.06573897
14935171681.0,66.0205913925
14946830285.0,-0.699512539971
11950524002.0,33.9620821338
11950524003.0,-0.704227451238
11938773781.0,33.874982425
14923512904.0,105.647663135
11950524004.0,121.753433792
17908114681.0,-0.703262971567
14935125605.0,-0.703528088112
17919819360.0,61.3069777684
17931523681.0,-40.8136074791
11938819682.0,47.2523265855
14923421283.0,-0.700760734149
17931523684.0,15.3104892165
14923421285.0,-0.673954204292
14923421286.0,53.7062322958
14923421287.0,-0.641409681212
11950524008.0,43.9232431117
11938819687.0,50.1072969979
14935171688.0,40.6540727898
14946876182.0,-0.688768146198
14946922085.0,-0.657098250679
11973933540.0,-0.704541156407
14946876183,65.1912239613
11973887640.0,-1.44252397356
11973887641.0,-1.4430095651
11973887642.0,-1.44300937204
11973887643.0,29.1292996009
11973887644.0,-1.44160676981
11973887645.0,-0.89704489831
11973887646.0,-0.900756557687
11973887647.0,-0.901127379944
11973887648.0,-0.901196819131
11973933541.0,-0.700520545562
17943228360.0,-0.699536525347
17908114684.0,30.7191268308
11950524361.0,36.0664969354
14935125600.0,46.0935820762
11950524362.0,-0.847001079965
14946922440.0,-0.682569344934
14946830283.0,-0.705362194729
17931523860.0,-0.6795466995
11950478284.0,34.8108361586
11950524365.0,-0.608658698533
17908114685,23.4482555996
11950478286.0,-0.90824699244
14946922081.0,57.7674441216
11950478287.0,21.9594691337
20892853980.0,104.73505388
20904558301.0,96.5200354771
11950478288.0,-0.908259244989
14958535320.0,-0.70061661235
17908114686.0,159.355683834
14935125602.0,46.4643082621
11938819683.0,62.3634656529
11950524180.0,-0.70727313804
11950524181.0,-0.706353384818
14946922262.0,46.9669404054
11950524183.0,-0.703383468242
11950524184.0,-0.67912586423
11950524185.0,35.7198648958
14946922086.0,385.142134941
11973933360.0,-0.70473426656
11973933361.0,-0.70285341804
14946830642.0,-1.27465918403
14935125601.0,46.6076096981
14946922084.0,81.1690183957
14958534963.0,54.1265214688
17931523861.0,-13.0275516006
14935171500.0,52.3954927715
11973933720.0,-0.703118399412
17908206480.0,120.481091494
11973887820.0,-0.705072320867
11985592141.0,-1.27452770886
11985592142.0,-1.20850019191
11973887823.0,-0.602267343152
17931523862.0,-67.7005747777
14946922441.0,-0.680787146039
20904512401.0,60.9815538584
11997342720.0,-0.699728434263
11938819686.0,164.284069986
17931523863,-0.583293557389
14935171502.0,32.7621194191
20904512402.0,88.7915263302
14935125607.0,69.9746012401
17908160400.0,52.9869411716
11962228860.0,-0.705990612866
17908160402.0,169.314584762
17908160403.0,169.131790003
20904558484.0,-0.662294475601
17908160405.0,124.32460131
17908160406.0,91.3436104993
17908160407.0,126.600937156
17908160408.0,58.0871727563
11973933722.0,-0.70018440257
11938819688.0,35.0974515385
11962228861.0,-0.705603836007
14946922087.0,16.4037110514
14946830460.0,-0.706958367622
14935217400.0,98.17271489
14981944500.0,-0.699776418689
20904558300.0,-0.694896807042
17931524040.0,43.2638074689
11962228681.0,49.8004870397
14946830282.0,-1.28601859684
17931524043.0,-0.651802111598
14946830284.0,-1.39964579656
11962228685.0,-0.705410517185
11950524366.0,110.397036357
11950524367.0,23.3660278328
11973933721.0,-0.703046123093
14935217401.0,63.0590038512
11985592140.0,-0.70478255134
14946922442.0,-0.596811046938
14946830640.0,-0.705507170797
14935217402.0,90.6157317428
