100,  -0.2
200,  -0.04
300,  0.04
400,  0.0
500,  -0.04
600,  0.64
700,  -0.12
800,  -0.4
900,  0.36
1000,  1.0
1100,  1.16
1200,  -2.32
1300,  0.32
1400,  0.24
1500,  -1.0
1600,  0.72
1700,  -1.32
1800,  0.0
1900,  0.0
2000,  0.76
2100,  -0.56
2200,  0.72
2300,  -0.56
2400,  0.0
2500,  -0.16
2600,  0.04
2700,  -0.08
2800,  0.28
2900,  0.0
3000,  -0.08
3100,  -2.24
3200,  -0.6
3300,  0.04
3400,  0.72
3500,  -0.04
3600,  0.64
3700,  0.04
3800,  -0.72
3900,  -1.04
4000,  1.36
4100,  0.0
4200,  0.32
4300,  -0.68
4400,  0.0
4500,  0.0
4600,  -0.12
4700,  -0.52
4800,  0.36
4900,  0.12
5000,  -0.04
5100,  0.0
5200,  -0.24
5300,  -0.04
5400,  0.68
5500,  0.0
5600,  -1.44
5700,  0.28
5800,  -0.28
5900,  -0.68
6000,  0.0
6100,  0.0
6200,  2.04
6300,  -0.56
6400,  0.24
6500,  0.0
6600,  -0.24
6700,  0.0
6800,  -0.44
6900,  1.32
7000,  -0.64
7100,  -0.48
7200,  -1.16
7300,  0.0
7400,  1.08
7500,  -0.36
7600,  0.2
7700,  -0.04
7800,  1.12
7900,  -1.4
8000,  0.0
8100,  1.0
8200,  -0.08
8300,  0.16
8400,  -0.08
8500,  0.68
8600,  -0.16
8700,  1.0
8800,  0.0
8900,  -0.08
9000,  0.08
9100,  -0.32
9200,  -0.68
9300,  0.24
9400,  0.0
9500,  -1.72
9600,  0.0
9700,  0.0
9800,  1.08
9900,  -1.0
10000,  -0.04
10100,  0.16
10200,  0.04
10300,  -0.64
10400,  0.0
10500,  0.04
10600,  -0.04
10700,  -1.0
10800,  -0.48
10900,  0.08
11000,  -0.08
11100,  0.0
11200,  0.0
11300,  -0.08
11400,  -0.12
11500,  0.0
11600,  0.0
11700,  0.0
11800,  -0.52
11900,  0.0
12000,  0.0
12100,  0.0
12200,  -0.12
12300,  0.04
12400,  -0.48
12500,  0.0
12600,  0.04
12700,  -0.04
12800,  -0.2
12900,  -0.08
