100,  0
200,  0
300,  0
400,  0
500,  0
600,  0
700,  0
100,  0
200,  0
300,  0
400,  0
100,  -1
200,  -1
300,  -1
400,  -1
500,  -1
600,  -2.84
700,  0.26
800,  -2.61
900,  0.18
1000,  -1
1100,  -1
1200,  -1
1300,  -1
1400,  -0.47
1500,  -1
1600,  -1
1700,  -1
1800,  -1
1900,  -1
2000,  -1
2100,  -1
2200,  -1.41
2300,  -0.55
2400,  -1
2500,  -1
2600,  -1
2700,  -1
2800,  -1
2900,  -1
3000,  -0.55
3100,  -1
3200,  -1
3300,  -1
3400,  -1
3500,  -2.3
3600,  -1
3700,  -0.39
3800,  -0.55
3900,  -1
4000,  -1
4100,  -1
4200,  -1
4300,  -1
4400,  -1
4500,  -1
4600,  -0.39
4700,  -1.43
4800,  -1
4900,  -0.55
5000,  -1
5100,  -1.43
5200,  -1
5300,  -1
5400,  -1
5500,  -1
5600,  -1
5700,  -1.59
5800,  -1
5900,  -0.47
6000,  -1
6100,  -1
6200,  -1
6300,  -1
6400,  -1
6500,  -1
6600,  -0.47
6700,  -1.51
6800,  -1
6900,  -1
7000,  -1
7100,  -1
7200,  -1
7300,  -1
7400,  -2.06
7500,  -1
7600,  -1
7700,  -1
7800,  -1
7900,  -1
8000,  -1.43
8100,  -2.1
8200,  -0.31
8300,  -0.55
8400,  -1
8500,  -0.55
8600,  -1
8700,  -1
8800,  -1
8900,  -1
9000,  -1
9100,  -1.43
9200,  -1
9300,  -1
9400,  -0.55
9500,  -1.43
9600,  -1
9700,  -1
9800,  -1
9900,  0.34
10000,  -1
10100,  -0.55
10200,  -1
10300,  -1
10400,  -1
10500,  -1
10600,  -1
10700,  -1
10800,  -1
10900,  -1
11000,  -1
11100,  -1
11200,  -1.47
11300,  -1
11400,  -1
100,  -1
200,  -1
300,  0.02
400,  -1.43
500,  -1
600,  -1
700,  -1
800,  -0.55
900,  -1.51
1000,  -1.43
1100,  -1
